54 86
85 39
55 37
23 55
16 77
59 85
27 84
59 73
8 83
87 59
26 4
62 60
98 35
23 88
63 40
63 18
13 93
20 15
12 99
24 48
62 89
41 53
87 26
60 39
78 72
87 70
4 89
58 81
100 91
41 55
98 12
10 6
72 40
48 0
56 34
11 4
16 71
68 12
29 9
10 6
18 27
32 52
21 88
39 89
99 52
46 78
26 6
59 68
5 87
21 72
68 28
80 61
40 35
52 46
52 17
90 71
11 38
5 11
29 9
15 9
82 63
96 75
44 3
44 29
80 10
4 85
75 57
18 1
99 46
7 25
44 12
31 62
82 72
30 86
89 4
48 32
63 73
83 38
97 31
55 14
73 10
39 63
5 10
11 55
79 37
5 87
88 86
76 0
31 86
15 12
99 33
50 41
46 4
94 55
27 95
75 95
65 70
44 95
92 91
79 33
