582 233
166 844
832 543
773 698
615 623
422 636
278 211
378 465
847 549
944 609
594 597
607 400
311 189
357 787
116 858
800 952
238 108
783 247
708 776
948 741
215 17
342 706
947 672
63 769
469 900
683 152
732 476
560 605
904 288
662 324
858 591
254 213
892 387
909 872
476 895
660 98
134 651
427 884
92 71
870 406
674 876
972 943
487 68
310 800
240 95
665 509
497 762
429 760
426 47
810 407
719 966
59 803
143 874
886 244
258 81
776 557
469 95
586 73
942 863
676 708
103 917
321 509
743 30
116 183
636 317
354 672
931 585
732 489
941 144
426 88
592 238
185 722
128 970
281 91
863 188
867 404
408 466
664 51
221 296
366 606
903 52
596 23
715 622
878 456
146 315
428 214
137 156
716 363
27 376
985 962
90 834
421 215
498 625
552 680
778 98
861 635
483 397
543 482
393 686
695 490
75 246
468 500
689 436
701 822
410 693
732 570
696 924
492 473
714 962
607 899
589 470
729 989
824 519
6 628
480 818
169 181
423 121
23 362
506 597
780 938
626 412
86 130
87 611
990 796
385 779
635 245
258 686
578 205
46 913
802 678
363 709
390 657
730 545
326 115
589 95
528 690
441 637
349 159
317 329
505 398
758 612
417 435
876 980
182 925
434 745
869 466
64 223
748 883
783 654
877 253
297 886
838 271
394 18
157 530
866 712
52 514
686 510
23 446
278 458
454 523
928 556
174 559
844 1000
377 831
442 466
440 806
78 411
434 208
732 253
679 148
67 146
719 79
922 800
517 383
527 815
511 38
50 168
921 209
67 734
155 215
944 215
779 642
745 951
836 105
290 270
871 726
215 975
593 604
397 239
271 536
946 981
200 96
890 171
870 716
242 227
638 805
72 711
990 461
410 692
389 542
725 665
331 358
320 931
679 688
49 39
435 931
700 982
674 744
132 11
37 935
680 267
183 759
863 562
955 105
121 863
508 132
330 264
443 571
511 945
720 656
212 898
867 146
515 109
795 498
657 550
653 635
254 901
630 64
462 861
784 438
282 613
565 593
417 260
533 882
774 618
651 402
354 714
424 122
860 122
127 44
205 249
773 603
220 806
716 427
940 450
636 171
933 966
717 406
883 862
672 999
824 600
993 176
706 636
492 493
433 691
80 48
933 812
897 890
592 101
854 848
795 729
443 527
111 42
22 606
801 300
649 517
760 358
412 605
233 578
600 773
895 98
37 703
308 814
885 123
253 113
646 839
78 216
986 793
4 818
769 106
530 441
96 384
284 667
996 944
894 240
144 66
522 902
405 581
383 34
473 541
227 943
831 221
78 372
506 298
537 993
33 345
91 853
899 181
813 998
952 272
416 609
989 715
682 47
525 435
343 894
296 366
558 899
43 158
573 91
825 330
348 881
200 87
501 440
182 328
764 724
472 689
757 113
357 980
914 266
338 878
917 658
544 603
442 872
124 204
79 507
420 869
49 723
805 906
1 123
336 366
696 849
342 513
155 731
514 172
194 894
972 503
174 25
942 987
613 762
388 820
7 197
270 522
286 82
852 89
547 365
831 218
195 498
385 750
90 875
804 527
675 701
723 294
18 211
706 761
953 652
73 942
351 579
105 166
848 29
2 707
763 712
456 431
694 732
806 911
555 748
399 405
653 631
461 375
447 171
610 790
672 221
987 481
421 2
988 581
594 936
321 575
349 508
54 513
225 561
113 33
433 656
480 62
311 197
80 667
282 226
967 619
862 857
581 577
398 420
745 552
832 213
65 222
697 171
292 718
756 357
809 796
610 595
664 580
98 617
953 510
893 470
562 976
327 663
53 464
689 376
558 101
43 897
438 210
775 591
353 78
905 262
69 387
731 118
981 676
993 326
14 48
339 82
800 527
357 557
234 170
962 389
803 376
767 292
959 136
284 312
831 909
590 865
698 592
829 398
749 145
907 60
129 186
667 517
500 919
190 27
211 328
667 352
727 591
355 5
604 188
788 758
487 500
582 571
132 648
885 978
920 858
539 912
74 937
179 542
676 122
32 269
72 329
36 213
769 999
210 832
22 983
488 982
250 404
65 839
347 820
421 557
632 85
156 837
272 443
32 952
333 891
751 63
532 754
568 834
42 596
248 197
295 888
823 423
820 591
58 206
669 772
936 908
935 621
858 549
745 649
170 965
657 925
616 630
217 788
638 138
543 860
479 797
385 98
333 331
707 818
62 312
480 813
345 201
806 984
759 210
319 914
188 623
290 737
81 452
922 238
396 526
343 395
381 946
165 720
427 875
553 65
831 939
843 904
238 280
670 334
256 247
723 516
648 923
380 341
149 485
805 735
910 503
57 146
916 883
491 513
817 426
123 961
375 290
103 640
689 578
542 242
393 283
519 978
562 921
161 81
564 833
272 529
282 789
295 325
3 715
289 423
950 482
356 611
650 439
634 308
962 231
20 303
381 856
907 613
613 17
657 2
330 723
566 636
80 835
417 984
969 875
511 764
674 122
139 568
185 71
190 633
237 471
276 363
317 542
943 861
578 141
564 536
152 476
998 507
108 585
92 344
33 532
886 760
899 759
733 661
591 874
867 711
925 544
689 340
423 512
683 504
868 947
790 199
457 159
823 775
59 613
932 943
467 411
561 919
39 727
266 175
934 767
745 528
189 90
91 358
761 189
479 438
113 170
622 886
949 924
831 382
496 383
80 298
332 147
707 135
824 671
824 495
825 936
698 949
602 768
408 942
617 161
573 225
870 347
287 838
56 245
680 324
961 564
38 153
399 198
517 470
809 929
201 967
702 916
500 927
319 609
548 361
413 654
688 505
937 472
726 869
16 784
384 940
972 717
293 176
711 755
42 948
665 737
979 218
837 623
20 291
551 930
936 958
152 621
760 133
50 50
253 738
897 872
655 631
718 343
761 89
620 317
295 33
209 685
656 587
783 556
424 84
265 39
896 813
416 786
180 479
391 555
354 614
117 50
122 850
35 515
194 708
735 241
695 871
143 90
802 787
616 200
667 541
92 652
957 607
646 235
280 643
658 173
922 589
961 735
63 967
136 180
726 523
299 404
646 198
282 8
423 242
203 330
310 747
878 584
89 571
684 815
740 261
384 918
114 584
689 957
929 822
20 126
170 476
290 855
350 863
162 206
664 289
875 184
894 655
615 435
583 944
844 749
97 644
781 476
134 498
803 873
274 415
425 978
302 745
141 703
629 949
137 916
5 484
950 826
89 653
83 357
616 41
197 145
584 790
517 487
964 702
614 624
291 857
641 692
847 472
429 200
458 512
198 213
618 45
135 11
18 875
517 99
718 424
619 156
97 733
605 88
404 707
501 962
993 474
577 650
331 540
917 449
824 902
322 69
12 882
164 474
847 384
136 590
748 498
968 604
159 835
679 633
362 602
148 533
585 191
849 286
1000 939
644 174
642 972
56 397
845 803
93 291
498 979
100 639
558 292
759 525
125 611
920 604
356 594
994 225
902 264
762 127
665 170
491 360
822 233
508 452
279 106
957 353
328 508
362 616
297 886
270 357
958 23
944 354
227 847
218 930
71 678
23 108
455 794
874 370
827 241
773 617
525 997
44 526
841 50
121 819
85 984
486 942
962 310
501 395
741 157
748 250
999 552
186 606
23 676
731 354
887 412
463 813
395 224
575 969
544 5
606 713
813 174
562 51
889 530
925 542
883 359
516 615
686 192
915 890
43 3
728 830
579 863
447 667
125 401
31 507
7 451
159 210
441 808
101 127
576 511
908 730
175 91
47 620
876 422
345 851
509 135
732 455
311 183
250 595
538 594
217 826
965 698
908 727
761 468
784 17
742 215
417 115
402 616
544 989
776 622
954 982
713 887
435 698
57 533
962 646
83 897
491 825
359 392
451 975
727 257
338 329
430 480
408 998
846 283
90 763
868 354
405 7
815 763
18 34
587 770
992 818
645 37
427 406
34 499
633 89
862 422
357 214
926 46
503 341
25 760
193 608
294 487
216 432
339 126
952 637
255 771
479 749
565 572
939 624
495 381
838 724
66 601
300 420
687 125
124 93
266 430
509 534
724 293
810 615
779 145
474 176
662 101
495 479
406 439
923 328
780 45
898 806
227 87
556 813
380 420
409 991
170 133
128 418
488 541
133 84
351 103
764 50
547 149
26 807
364 685
545 499
329 845
860 570
979 472
696 959
928 152
564 576
544 521
375 851
601 981
529 435
80 189
945 782
539 868
444 320
986 207
973 15
268 789
350 876
852 750
152 659
830 648
409 693
642 942
336 353
647 675
453 958
739 233
174 539
676 173
646 560
639 548
516 352
366 524
0 718
858 254
95 745
838 634
855 452
670 17
625 710
257 599
861 693
954 429
472 232
797 192
124 943
623 578
343 423
941 40
882 509
31 616
466 928
684 798
101 596
657 307
993 678
548 444
469 91
912 783
172 268
347 886
821 640
719 560
833 339
230 733
147 630
391 382
664 65
12 930
434 44
807 219
425 568
50 359
881 22
867 310
987 61
309 805
