3175 2656
3740 9477
1651 8967
3672 1467
3963 9077
461 492
1014 570
8886 8122
2559 4943
9955 2140
1415 9508
3914 163
4760 636
965 1142
1780 9929
5671 205
8761 6286
6283 2671
6613 3320
292 5986
6736 8960
3397 924
9662 4693
5282 9759
3386 8359
1326 5784
2811 1943
8480 1293
9216 2518
3659 8279
4207 3360
7116 544
2867 831
7470 6348
5664 215
5312 2292
8623 2570
1325 7777
9445 9547
8 1156
1671 9359
3340 2504
8911 3861
3547 5928
1172 5266
6129 4959
660 3588
3468 8490
9980 3879
8616 3152
4223 8615
9496 251
3477 5731
5510 1157
798 356
2606 9413
1693 3064
7323 4605
9698 7491
3914 7581
4990 2970
3333 5001
1088 2166
4718 8513
9224 5941
1204 9494
4730 350
8457 330
5297 4861
5462 9053
7978 9515
7261 1761
2738 3098
184 5762
5030 3202
7070 1546
1152 3797
2503 8738
5369 2981
60 6631
6407 6874
5599 6305
8359 7850
9471 830
3661 6832
4353 8453
2916 6540
3797 6327
4115 6888
8562 9255
1747 1393
5926 9614
848 8672
9608 7992
7972 7869
2399 2274
2945 4364
4468 2008
2397 7619
135 7200
5945 78
4205 3718
2245 7123
2318 1240
1060 7999
1513 4320
6834 5604
3780 1142
7127 8321
4531 935
2310 300
1901 7973
2263 5987
7596 145
4631 6183
6946 2468
9036 7162
8177 5000
6826 384
6440 5745
7175 4517
9576 561
2023 3109
1029 8088
917 9215
5307 6978
1294 3668
375 1420
4147 7094
2090 6945
4340 3061
6783 1140
7112 8438
1659 3609
8673 1445
4048 8157
5646 1485
4452 2999
2049 9845
7524 8016
1588 6453
5874 4786
5274 8183
3929 6303
7237 5150
5240 459
6733 52
1138 5947
6186 9023
8945 717
5268 3483
6882 5989
8370 7792
4906 4842
5051 3165
2387 2525
7319 8255
1181 987
9097 5157
7198 847
2141 7795
9917 7217
9472 2903
4782 6232
7489 9715
1716 4475
2668 8601
9288 2475
8801 1231
8655 4530
7315 9242
7282 595
3209 1068
7222 4477
7564 4649
3521 6297
7314 5282
4830 5580
864 1214
9794 7813
373 6634
6190 2049
1781 6176
9736 7801
891 2081
7230 5241
376 8348
4895 6759
2542 6478
516 8046
920 2580
4111 3811
7012 8284
9221 4141
9272 6437
4796 206
8584 9933
9560 4487
8942 8104
5737 5734
4791 2748
2556 931
6164 3456
5191 3873
7035 1360
5391 2487
5956 6185
651 5415
8007 8891
2045 6755
6431 5213
6224 1207
7653 2665
3332 5397
5901 8169
3952 2194
1683 5932
7066 7736
7278 3064
4266 7237
246 1207
2155 6621
8510 2217
166 1811
8617 203
1253 6081
2415 8040
8837 8285
7138 5916
315 9485
8188 2931
1440 6011
7436 8963
9817 3735
7559 6180
2817 1068
6702 3899
1643 2705
5980 9678
9688 9382
314 8003
2669 2805
6923 339
3889 3194
6036 3381
1847 5789
6164 1649
7806 2667
7744 9699
4592 3328
7866 2630
3857 7573
8719 8
2998 8878
190 8804
3760 5169
3833 8186
699 9288
1371 8809
8714 3309
3849 9135
3711 4293
8144 8404
1950 1673
22 7530
9055 1540
6837 9965
3365 4725
1768 5064
1664 2327
1472 9439
9592 8154
2823 9005
5466 365
8609 4678
2895 6866
9109 6108
729 7631
5062 8974
5159 3902
5941 9846
8771 1896
5647 1168
3279 7961
2139 8793
6708 3798
1904 7520
7132 5313
6753 811
4436 3921
4848 5688
8357 7616
1071 1560
2950 6862
5438 4868
3194 7822
4055 1257
7 756
2725 7051
2138 7066
8622 6171
9562 3315
6552 2608
2099 6115
2594 8005
5601 737
9790 2993
9182 8266
9751 4564
1543 3819
4082 6207
9672 5861
876 2167
9972 9712
2933 6518
5551 65
3246 5123
9736 5987
1193 4316
844 5109
6172 314
6396 9
8065 3530
7257 6523
522 9817
6862 8403
25 2947
2791 4794
2059 9720
8895 3880
9845 5071
7347 7471
4627 2529
662 47
5827 9523
4653 1239
8153 4046
9621 9983
4663 6565
2111 6433
8416 3440
7369 7678
7361 6798
5386 2848
2127 2337
9288 2958
7883 5516
9637 9124
6152 6159
9228 9786
6545 9684
4556 7559
632 7488
7259 9751
9444 436
7604 4443
5872 8072
5213 6536
6355 9520
1278 9454
7256 3973
9415 2865
8620 9277
9816 2085
273 4693
576 7299
2423 8015
4485 5259
5179 9388
7280 9414
663 7325
9932 6664
2045 8229
6236 8127
5601 4376
7820 5740
7043 6752
9963 6441
3163 9998
7102 1986
5572 2415
170 1601
2359 5582
2660 4144
3391 1228
7370 9456
185 1863
396 4801
3566 268
6411 7281
3921 1446
2914 2541
5691 1108
4224 2779
2900 8183
7810 679
8410 4100
5848 2992
9556 6660
309 4566
9536 1552
6262 5983
7607 4506
6466 792
3935 1566
1202 5250
4938 6954
3520 7342
9865 1095
4279 8705
3073 3777
7347 3361
5544 6137
2327 4753
3987 6899
2095 5248
9538 9193
2809 6837
2282 5656
6302 4536
5549 2023
5524 6692
1812 9495
6746 9238
5720 740
4000 2805
197 8008
5067 3595
8278 732
128 1859
2485 1273
4458 2717
7505 2338
6038 7206
9388 2693
3423 7526
3493 4826
379 2933
127 5484
2056 9109
3187 3108
8863 9784
3368 102
6148 221
5458 7917
4174 6971
5616 5742
1995 1475
5731 1047
6121 4086
8156 5104
7697 3653
9391 6069
9979 9241
7515 8958
1124 9296
7390 3700
4052 636
2804 3044
715 5879
5239 3967
4708 2480
4141 5539
193 4654
3346 1206
3829 5132
4875 90
3345 325
2330 5980
8281 7297
3560 8379
6134 345
7124 9101
4318 2613
7844 9708
6901 5542
1749 7412
8416 1322
8523 2770
71 5015
3793 7733
9081 4363
7865 6450
1827 8073
4568 2395
4516 9273
2068 1813
9924 3996
8451 7236
3263 265
1648 1097
7283 3362
2153 1452
9691 5689
3237 8519
7849 5564
1407 2799
6039 5977
4817 6384
3805 8869
794 7600
1942 5534
3190 4360
1310 3004
79 2910
8664 5349
15 2785
6219 3802
4799 2965
8097 6726
5380 13
6747 5824
6365 1950
688 3954
2350 8084
1496 2322
500 4897
3901 7321
5525 7403
9218 6216
3112 5538
352 708
5190 2233
5841 8905
1616 4702
8775 2287
8902 9176
8328 9241
7272 4365
9453 7641
1151 6055
1276 1070
995 6475
8665 6613
8851 5597
2441 9013
4 5391
4311 5685
9546 872
3018 7190
2740 3033
3132 9897
7666 1413
6863 2213
6931 8494
5624 9323
4355 8931
83 2052
9945 1285
8926 8610
3384 4008
627 8031
8694 846
7622 2697
3459 4818
1534 7306
9760 128
8553 3621
9944 3955
4992 5659
5820 6252
2371 9753
6535 5644
2234 9872
8006 6819
4873 1572
5611 5643
4454 5462
1891 9874
2020 5134
1651 8078
9237 7467
4256 1655
8037 5067
7022 4970
6168 2883
1769 211
7239 8349
8118 4319
2498 7831
1675 4638
2054 3661
2320 9902
7410 653
5809 3290
7027 653
1032 7031
3550 6426
3513 2949
3927 3817
9062 1928
807 9133
4614 9374
8236 1541
5071 9654
8089 3091
1309 3515
614 1294
1516 6586
6589 1510
4614 6194
7528 3895
7480 8081
7274 6146
7883 7721
3169 6739
2703 5371
8704 8746
5460 5668
237 2192
4307 7462
2983 2124
8425 4123
7454 821
6222 4514
643 8762
2250 9364
5034 5145
1237 6098
4064 5420
2321 46
1665 3673
8163 8574
874 6053
6834 4432
2575 8000
1992 7377
3703 537
4939 8798
1314 1998
7085 2069
7588 2019
3865 8329
3285 3683
6633 8132
6298 1415
9248 6177
9344 651
9532 4888
5890 434
6270 6370
6705 8371
7186 3225
2988 876
9521 6688
8468 9925
7085 647
4553 4249
6301 6321
7761 4226
8765 3692
769 711
9908 2390
8961 686
8287 2715
3165 5154
4434 5209
9841 4163
4048 4773
2820 2195
3395 9109
8083 6981
2595 5146
9118 2540
187 4105
9811 2529
4473 7705
7297 8225
487 7319
6078 1340
9802 7679
6565 1642
3634 4031
9933 5349
2094 5612
6355 4868
4896 8716
2621 9991
2051 2615
5 3163
1999 3586
9695 8535
6325 7197
3220 4576
8639 5891
6633 7221
9983 2725
8809 8935
5151 7407
3155 1710
1521 8123
3164 7236
8670 6501
2156 167
4987 6120
417 8432
8126 103
5152 2113
7359 55
8843 8102
7444 8675
2263 1401
2871 8025
848 2926
5485 2413
1227 1650
603 6696
3746 5313
6395 7520
6153 9836
9967 6221
8581 4089
5454 4537
5914 9777
6477 7023
9947 583
7927 6742
3074 762
8092 250
9578 7298
7023 2654
6986 957
6009 9217
6170 3635
4958 6187
5953 976
9507 2025
8826 25
3102 2223
7844 9138
8056 8864
8816 9968
9512 6760
4736 9784
5889 8009
1445 3029
2037 9320
4262 1868
6478 6403
883 6774
3135 2385
8273 5393
1796 1888
4715 8737
9150 8164
2803 8699
6613 563
938 4162
8755 4351
4023 9994
2297 220
8858 6408
3897 8783
8538 351
1497 8299
1895 3696
6998 6532
9901 8853
3776 1261
7763 5994
1928 4181
453 4949
8983 866
4978 5635
3019 8317
7540 1277
2981 7517
4404 9512
458 3420
5223 4382
1913 1360
9073 6707
3267 2315
5760 8431
2930 7955
7785 5617
4986 8602
1760 4738
4955 5002
472 2641
1208 7089
7669 4451
8091 9364
4962 511
4872 2793
8121 6114
8479 4512
6326 9881
5157 2488
1851 2164
3824 4215
4961 9753
4797 8093
4281 8406
2614 9656
9048 3532
9870 9006
2911 191
7615 4034
9080 3920
827 323
5977 3288
497 7892
2128 3588
1503 6793
8912 3092
3114 6774
9232 6639
6613 5324
5367 6494
2213 1807
1367 5923
9026 6194
266 9078
4132 6256
8346 1374
6998 8650
2748 7655
7483 4414
3500 922
4268 4225
2298 4151
2884 7816
3157 4983
892 6872
5015 4823
3779 247
1509 8417
7937 3179
5355 8353
1017 8418
4435 5564
536 2337
1496 5976
4979 3149
5797 6556
9704 5766
6655 3480
3719 9458
2860 9148
2691 5258
9563 3677
7908 2755
8281 1737
6401 4595
6372 7593
9559 6904
8585 1359
2776 7166
7365 7405
9655 4390
5383 8709
4734 4509
3094 5806
608 3217
2745 3182
4623 5493
674 242
8136 6613
3954 8321
9305 5803
2627 8590
4232 5081
8410 5958
3267 5073
660 7928
3356 5273
4328 9360
7587 5860
1729 4763
4299 5892
7199 2202
8963 7678
8534 6654
4520 1793
8954 7195
9992 1497
2691 5184
393 5254
2094 8214
6095 8606
6914 4996
6573 191
9137 536
2002 6610
6052 9889
933 8275
8678 7677
8728 4529
1547 9069
6523 8261
8875 6533
4029 1545
6298 6761
9207 3375
3835 665
9819 1063
5234 1255
3531 7203
1494 3638
374 379
7917 8502
8369 3973
4268 4762
4882 29
9548 8413
7388 3641
2274 9900
1915 1519
1721 8351
4239 625
6536 7159
6954 1312
5351 6499
5311 631
4376 1571
1317 1734
3726 2331
7670 2923
7715 2009
8049 2668
9578 5585
6906 1666
273 8984
1295 4688
2446 6000
5831 4608
5167 1251
253 4905
803 6053
4327 2115
9217 8912
8300 8624
2931 8963
9703 6063
3924 3590
1341 582
670 1083
7526 6712
5437 9147
5429 6375
5449 2914
8453 4386
4578 4024
9061 4916
7016 2989
9626 480
4172 2197
5868 9676
6400 9189
6680 9946
7831 3436
3681 867
4767 6734
3688 6964
1272 7130
8295 1254
9771 6393
3598 198
3988 564
1958 1080
538 2372
537 2024
7019 8374
6918 7503
8306 5680
9942 8534
9374 6396
22 1768
1708 2046
5538 4281
6915 8369
3123 3827
2025 3509
3519 4630
4651 2229
7249 9176
7758 2528
385 6376
8995 8235
6554 3285
4043 7304
9139 6394
7196 5684
8390 7804
9949 8750
6631 4157
257 4217
3653 1192
6728 2124
4240 6782
9079 939
1740 6800
2580 1411
9208 3467
5015 3063
2939 8735
2951 4544
6786 9088
8559 9674
7023 9002
7034 5472
7695 5932
7756 7468
2846 1446
5314 7906
2321 8364
3799 6665
1930 8907
9348 3318
9578 1428
1378 6088
9976 7394
2205 669
254 6308
7539 4312
3071 8113
7830 1571
535 3819
5416 9599
2085 8968
1713 5664
2082 9940
6583 1158
6232 2796
3953 7266
8671 2911
8829 8325
503 6243
6190 9496
2941 894
9465 960
6994 8622
3730 7118
958 2626
2226 9404
2994 903
4501 4962
8863 8134
9654 4324
6684 7126
3363 296
3251 315
4013 1108
2370 2972
9617 5023
8673 2963
6552 4038
9448 1471
6945 9827
7328 1015
7148 9798
9394 6116
8988 8754
1058 808
6127 9591
9114 1896
3987 4173
7769 5622
4066 6799
129 1950
1645 5429
7942 1584
5044 4580
1062 2134
6307 4541
1326 7126
6518 905
2285 7698
7777 3528
3671 397
6698 9137
781 3164
6769 2708
2508 6310
2027 8900
4176 7873
4331 1986
7012 8985
2561 6114
8321 9175
2879 4558
3724 6348
8625 9589
930 1929
5482 245
1120 3905
8725 8334
9239 7517
9062 789
2024 2267
6774 4964
4435 4547
4918 3282
4150 6402
6087 9167
5418 4798
7633 4827
1323 799
5707 5177
7697 9180
9064 4480
2135 6326
8423 7344
757 7255
5312 9962
17 8144
7486 7815
1697 6629
9056 9636
532 1790
5026 3557
3826 3583
9209 9770
9618 6160
8839 4863
6262 4507
1172 3022
4342 9025
9354 6280
9772 3456
8064 8533
8591 6098
145 3387
8428 6886
8832 6836
7740 3479
4673 3005
6483 2873
2238 484
3681 1815
2741 1621
6613 2033
7339 4950
7881 8976
4659 2264
7408 6450
5284 3994
9002 3190
6105 580
7689 1428
3807 2213
5674 6474
3122 751
5766 2902
3015 1754
3165 961
9592 8065
6632 6207
7635 3890
727 8522
7649 6935
8236 7119
5113 6797
6123 3363
2406 4066
9322 3632
8441 4624
328 938
3127 263
668 2647
3482 9814
8281 2937
4425 663
5018 2422
763 642
6170 4308
7193 4047
8935 9563
3409 9300
4952 1953
583 765
5810 7788
4016 2975
4369 1344
990 1371
8204 7916
5833 2518
6421 6102
9655 2117
6452 9300
9969 6175
321 1668
478 1110
8188 2933
8041 1696
7150 1814
6418 9711
6370 5093
4433 6367
2585 3483
2117 4381
3496 974
4678 1376
8341 7882
4275 8930
4326 1560
3254 2172
1169 8252
8716 5795
7353 376
9897 4482
7933 2299
626 2831
8868 9946
6686 3221
4809 3475
2521 834
8844 3247
6477 3424
9831 8439
1515 7791
2523 2786
1166 8377
3347 9354
6139 2621
1287 6892
9999 5530
6373 4581
4567 792
7309 8196
676 2467
6926 8341
3746 7136
8925 9049
2341 4383
8435 7291
2998 4814
7070 7440
4200 6688
5164 2334
7690 8474
1704 2084
8593 5181
5558 5964
1137 7165
2753 3738
3066 8939
6617 4298
9423 385
3635 2650
9709 152
4425 3357
4755 4006
9824 7280
4493 1506
2081 1636
9810 6769
5104 6211
109 7778
2849 5001
9593 7966
4126 7936
6093 7518
3008 9378
671 2176
4232 7774
213 5246
7080 8281
9146 841
3067 8207
2849 7595
5236 421
1026 5907
4918 1672
7109 4008
4130 4967
3667 7422
3286 8784
2886 9817
1698 6179
1658 1214
292 462
6718 8674
5037 64
2366 7155
748 6688
9550 2095
2815 38
7439 9252
4629 2888
403 9260
1206 9153
4964 4816
5191 1656
1143 7578
9037 8756
874 8890
8304 4706
7617 6973
5054 9165
2620 4997
3805 344
4188 5572
8615 4684
9984 6466
2825 3887
4865 7014
1188 3926
3567 6737
5409 5874
1197 1806
3387 8011
1346 4866
4305 8053
6080 6004
7905 5689
2700 8636
9304 9232
1963 8934
7372 3459
1873 4841
3837 2713
3635 884
1138 8622
6875 2317
9608 7139
138 912
2333 3278
5300 5243
6938 4031
382 7571
8758 2341
9573 7290
6998 5800
311 5386
6577 5852
6996 2828
427 6173
8220 2335
5567 8446
8489 7616
8759 2732
9450 5742
1524 2298
4563 7570
6191 9151
3788 3726
3021 2516
8585 5881
6061 6327
6745 2513
3632 9378
7488 1054
4520 764
2618 3986
5312 6203
6637 8891
5998 9496
721 2038
8366 7638
6300 4415
612 8974
118 6672
9998 9024
3475 5726
1567 1893
2817 2800
2071 3762
5648 9972
6432 4157
5718 578
1238 4944
4198 5111
3288 5487
3789 5963
3787 9315
2023 7929
9285 4312
6868 5652
1614 5641
9890 4663
3529 9118
3125 6982
3523 7056
5490 1165
3794 2988
6801 5825
7918 3490
8324 3028
4456 5912
6995 723
2461 6160
1480 2672
163 1689
9159 9482
882 8284
1554 7551
2825 2335
3284 6167
7519 7403
2149 2492
3403 7864
5598 89
9476 8971
7628 2680
6040 1849
2236 9238
8496 194
9167 7265
4736 8213
1453 2387
7505 6200
4752 5190
8484 2619
1420 4777
4597 2184
8027 6867
3237 4999
3157 1399
5913 5408
6140 6253
5697 3935
2806 2193
928 7133
3938 4642
7970 6419
353 1514
3550 1059
2801 8963
2887 351
7420 9309
1375 5748
6626 4894
526 1606
104 9475
2418 656
5047 5894
4787 2449
6917 6146
5598 9603
2012 5835
4939 2445
1764 5486
6008 3388
2896 2650
4015 9195
1691 700
208 4745
2920 6868
5681 8691
2945 9994
3892 9551
239 8136
514 4343
7751 2325
6688 2940
2878 8276
1574 1438
7839 3900
7288 7276
1211 2390
7514 7899
8143 2310
3771 2368
8335 389
8608 5778
1661 7792
5538 4196
4900 7992
3702 6700
2696 1017
8261 1085
9854 5309
2350 2459
1340 8711
8945 2453
4979 10000
1775 3816
5862 2259
5125 320
6093 2135
2738 8198
3150 3573
1527 1326
8590 8244
4009 2798
6701 8141
1487 2123
2453 3223
6223 1373
8030 7165
2982 7436
714 5694
5177 2449
4260 6487
7071 7299
2545 5920
6740 9904
679 2161
1362 1676
6292 7568
1355 7351
6197 9003
4109 6916
5182 7802
2808 2993
8906 8660
4153 6961
588 9645
7942 519
3254 9498
5657 899
5710 1912
6609 7433
7770 4664
7740 273
1198 3646
4260 5497
9562 7298
8946 9657
4804 1292
6809 753
5573 54
9617 7247
3530 4292
8108 9970
954 734
9915 5633
3826 947
3854 9632
8885 2273
7668 7048
2261 7205
9801 6280
3073 8823
6457 973
7621 4942
4965 9344
5334 1421
6344 1669
7885 7246
1954 3426
565 4601
1230 1608
6929 1364
2006 8740
4281 9691
782 5322
5068 8872
2446 414
9457 9448
4539 9999
2479 20
4509 6544
4107 5579
2007 4874
9819 1831
9856 7271
2110 1296
6477 4424
7512 617
2298 3618
219 6726
1891 8098
621 814
1488 2198
1652 3873
905 9343
4726 5971
9942 2196
6008 2486
342 4095
4778 1598
1672 9347
3777 2167
8517 7468
6147 4909
8905 7483
1723 5115
7937 9273
6980 1365
2128 9214
3578 1301
5525 2710
2359 739
4364 2130
1516 8220
629 8754
5648 2219
3011 4159
2854 3255
1374 2981
5971 3497
8357 6370
2023 4723
6071 9362
4287 9536
1524 210
4598 6757
5821 1958
1152 95
5912 3790
5667 805
4176 670
2094 6916
7989 8704
3557 9976
4352 5972
1372 5904
9249 7810
4821 7747
7501 8031
4910 3768
5023 6869
474 5525
9062 5085
1510 1762
3413 3193
5016 6333
8467 3753
1084 8598
5179 472
283 7403
4093 3169
1012 1506
2041 201
6514 6873
1119 1684
3469 4042
9014 5837
4919 163
6610 6198
6424 4021
3713 1653
8147 7862
7692 2465
6750 7814
6215 1859
842 9726
9392 1288
3755 1578
2440 1961
2829 4565
5811 7485
649 5484
8018 6352
4573 6316
5618 8003
6188 1920
9880 5800
1673 5565
4562 6289
6384 7161
7512 5716
2002 3561
5636 2349
9305 4812
2143 5181
3749 3672
1112 4765
3277 704
203 3970
8047 8955
6687 6538
1489 6482
1684 9524
1263 4896
1181 407
9826 8109
1171 6470
782 4506
7268 7640
4822 8147
9895 5807
4730 6022
7877 824
9186 888
5863 5450
223 5093
3800 1651
5616 130
7633 8594
9980 5713
229 5738
7243 667
1480 7795
7651 163
3868 4738
2568 2230
4001 1135
9739 9140
5765 8852
4344 1200
1037 1491
7072 233
606 2619
4703 4236
3927 7372
966 8031
4091 1818
1160 4055
8463 2475
6528 7074
3315 1761
1671 8006
8409 7493
680 979
6676 3270
6292 906
7731 9240
2897 137
2783 3989
8707 2986
8623 7276
5915 6369
126 7257
2335 8438
1105 7891
9859 8979
9039 5003
7972 7298
7806 9648
4662 9996
6839 4891
3546 9888
5768 8620
25 870
5888 3813
231 2447
6928 7411
4378 3003
1982 8032
9052 1642
5061 4495
8291 8531
3491 2368
1973 5047
3468 1956
687 8238
1955 8877
3739 9126
4650 6729
9387 5379
9159 9698
3618 3055
3627 9468
3701 7101
5109 5746
1449 8418
4551 4571
5602 390
2156 6400
4184 572
434 2842
2487 7520
5872 3556
2606 5048
272 569
2030 1549
5001 3553
6932 8175
5105 6750
6555 3907
6206 114
7574 7663
8685 5753
4021 7554
4805 5269
1861 6197
1053 138
6764 8837
9937 1968
5951 1625
8612 6737
2243 9573
6523 5860
7848 6662
4615 5699
4479 6394
6307 4397
4326 1244
7700 7117
2624 2879
9317 587
8895 7740
4238 95
1520 1935
2409 3052
3883 8636
1239 8265
3937 5648
5658 46
7183 3784
9342 3308
4952 9944
8417 5952
6745 4582
9257 7284
249 2181
2414 6443
8002 928
9174 2238
2031 4634
2803 8502
6328 5948
923 3889
8443 8446
3894 9207
2710 6406
9235 1532
858 1376
8926 12
3839 1138
7761 7974
2827 1402
1807 6833
642 8563
8646 8976
8487 5945
5398 8036
9327 3552
863 9260
7115 2924
981 2467
3812 6777
9763 9423
5500 9637
8482 5779
1141 3606
8029 2864
9707 6408
5042 1973
9867 5150
8994 7101
5172 3864
9862 440
4376 1605
3606 3439
9528 6793
3201 4506
9086 7338
2928 7031
7499 252
4356 1261
3567 9577
8277 6719
3557 7823
1870 7138
603 8065
2798 1406
1805 6702
8022 5878
385 5602
4103 3155
9586 850
2594 4118
2985 8333
3598 6900
2399 5089
5534 9305
4072 9141
8969 2637
1456 7800
1808 3056
1820 7180
2919 77
53 272
2318 3110
1927 521
1713 6304
2526 7889
770 4378
7678 4476
6372 6730
6503 517
6259 8915
1860 3004
5287 3610
420 6353
8557 2985
6493 8843
5339 2557
1239 4572
5883 9651
3776 377
957 4389
8368 3141
4205 3712
100 6370
5964 3557
6621 9813
8668 2714
8281 418
8252 3429
824 9225
5658 9379
583 5039
856 5069
3268 4236
2299 3811
6798 7471
49 9478
3130 7224
8953 2250
3963 7258
4319 1140
4248 8664
8913 1413
2745 211
5806 9561
9372 4334
8896 642
9327 8575
8178 4679
4000 6788
3821 6668
4304 9168
9048 5453
516 8716
2907 4204
9483 4890
1091 7032
8185 7055
5322 6437
9231 9158
4622 7550
6809 9254
8633 1368
7820 7247
2238 5023
3235 1575
3117 7087
3562 5914
1436 5736
7310 5871
4928 3651
1846 900
1291 689
4996 3392
1142 3619
9385 7697
8170 6076
3700 8780
3080 3769
1503 8867
1246 8160
8783 6292
1420 2853
4314 3400
9735 7551
1908 1417
7131 2397
5361 9655
181 8230
9629 7827
3823 7293
9298 3097
4235 5644
9604 5662
7345 1486
9252 4473
8305 5513
3603 4706
5686 3594
8019 1185
5640 9344
5363 6862
2848 306
4578 3008
7612 6899
7080 4710
383 568
3137 3847
1536 6100
1605 8661
121 287
5151 9115
4507 4457
3418 7654
6503 3185
1569 5703
2772 151
5893 4303
4587 5014
3151 2264
8722 3905
8182 777
9604 437
9454 6187
281 8176
3121 9329
6645 4811
8622 2533
4815 6954
947 2892
310 9747
2697 8598
2207 8917
1793 8480
2803 7869
7587 599
5353 6502
8177 983
3096 428
4330 578
3169 3854
1280 1046
8298 6756
3864 4237
575 5469
5638 878
7005 3041
1734 4575
6573 1033
8379 782
7447 9097
1207 4993
6711 7345
4357 4467
9242 6801
4347 5769
735 4794
6103 2820
8634 3591
1539 969
5193 9207
3181 5903
6646 1162
9226 5490
7392 8831
7292 1038
4650 2622
2474 4802
2063 2422
8312 7778
6731 3376
6610 7783
2022 5079
493 9120
1593 6631
3403 8463
6401 7923
6297 8365
9933 2450
4303 6463
7874 1449
2309 5308
9252 3393
9421 6439
7703 3305
7042 6865
3977 2162
5516 2456
2593 713
6965 1226
6345 289
6161 8442
3550 1316
9189 5972
7279 6068
9914 93
1189 5021
8272 5383
3212 7712
7822 864
4708 1174
3292 468
4970 7999
4354 9809
1238 2169
7090 4704
7188 1009
1327 1469
1347 6986
4747 5470
1172 2845
3912 6489
3516 1692
4070 7929
9193 7535
3464 1445
7617 6133
4536 3506
9876 7316
2707 7759
3671 7842
5486 1673
1473 7304
9613 9140
3476 6044
8294 5468
8863 3252
9906 9453
6509 3251
3809 5442
9658 3913
8102 5864
4722 5242
2374 5787
1871 2417
5413 8089
1572 4548
6987 5755
7351 2200
2399 5867
720 5916
2968 8459
7776 3186
3810 1318
5599 178
2431 3697
1860 9802
3500 9133
5123 8951
993 9216
2191 2968
3901 6351
3211 1605
2877 1183
2852 4739
9897 7926
1563 4164
3866 4317
1875 1252
5751 4569
4745 4263
2621 4270
5592 5885
7445 7878
3961 7001
2199 3261
8832 1053
2069 3331
3867 2851
6873 2438
6893 1178
3191 3845
3156 8986
9834 4715
1443 4729
7344 2829
7557 6199
9582 5545
6543 3554
1455 4244
4743 4081
6940 6625
1153 4366
5769 2354
8394 9663
7289 9784
272 2347
4957 687
414 3535
8590 4430
563 2107
6637 4639
1797 5736
8163 1881
1890 7881
6461 5584
3691 208
5036 7
3363 1140
4817 5641
668 2212
741 8554
7562 6145
247 4522
4961 6608
6776 493
4978 1957
575 8936
2556 3921
5777 1183
3164 6980
3183 573
7206 9512
4376 807
6583 5726
9921 8911
9833 4025
7521 5614
5969 2972
4780 4315
8887 576
43 8313
9199 9877
1607 7940
2809 8725
3946 4308
3933 2068
1100 2712
3184 8426
69 9274
6523 7059
6751 8485
9744 2916
2207 7307
6484 4725
391 4870
4888 9813
1306 7388
6768 6565
438 7159
2144 1467
5895 4982
5050 6874
7317 8792
3286 2453
9838 4547
9862 181
5992 3723
1211 9237
284 5267
5179 1132
2347 3939
2023 9456
3828 8771
8849 1688
5500 7421
2808 2791
3655 1783
8869 9692
1026 9191
2114 1589
83 1011
4309 9149
5404 4643
2827 223
7564 1794
7326 7494
3873 5696
9226 1362
8700 9037
1268 2550
7275 7252
845 7505
580 2120
1931 3960
9703 753
9101 279
1840 6311
5774 4638
6346 7091
5191 1713
564 2641
723 9260
7408 9440
8040 1589
3150 865
5624 9371
2515 5048
3838 873
9164 2227
6217 9705
6569 4215
53 7922
2012 8220
6634 3261
8704 4468
6352 5484
1901 838
2879 1350
6390 2834
4740 9151
799 1379
7959 971
6791 4655
7829 9697
3186 9964
4217 6427
1577 609
5723 3725
3163 1801
2732 8495
8038 1401
9468 2145
4579 212
2586 7279
127 8827
7010 7501
1474 6361
8458 8355
4452 1021
1366 2305
6513 1398
3626 3582
5366 8904
3539 9849
4953 6391
7200 3920
6859 8203
7849 4966
3384 1390
6596 2563
7617 4031
6347 8548
6869 6004
2943 2195
7886 9369
6282 7423
8830 7839
4412 6605
9673 368
5222 8821
534 9745
5284 264
3319 1270
4255 3491
1270 6993
9398 5298
1861 4568
1236 6987
6236 3435
3734 7165
6749 8219
3730 4918
6634 428
9798 5305
9984 5433
8018 6544
5542 4138
6866 1212
5687 2358
7920 5063
4613 6877
6963 9315
7731 6349
7218 4438
1106 9996
8088 2967
3911 7726
676 7837
7304 481
5319 6566
1080 7973
5936 3196
693 5402
1346 7508
4084 6780
5713 6306
7429 7186
9337 4233
8379 9837
4041 1248
5750 7047
2200 6312
4689 6028
8643 9616
5320 3482
7049 7274
6339 9447
2365 2520
1329 1025
8018 508
9446 903
6324 7077
995 4584
1015 5648
9895 2240
634 5386
6769 157
213 767
9466 6665
987 4229
4253 9580
9579 8966
8678 2466
9214 6490
9811 2015
6458 5435
5236 1166
1360 4838
7461 9958
3144 1740
9797 1390
4439 7636
3547 180
3159 2860
4882 3834
2193 7754
8726 8171
9204 5366
2402 3614
4201 753
4184 2729
9872 2622
8305 52
8542 2879
3871 7145
9410 5781
2215 5888
118 9497
5771 4420
1753 9258
6222 3468
6535 4575
3011 6944
4416 7575
8570 9774
2764 7682
9442 3925
7973 2525
6399 5489
7212 8024
7315 4187
3875 6379
5765 4136
6496 6175
6115 8127
3648 5279
9649 4052
2989 896
3946 8571
918 648
6308 3915
3277 4719
5953 9635
3269 1635
8631 1805
5995 4364
7271 2616
3913 5305
3856 7000
564 4632
1572 739
790 84
5009 5364
1865 4366
801 8506
2915 6193
1614 2613
4405 7350
1365 6763
6410 4337
791 1422
8501 6207
7202 9095
9093 2363
6374 7294
1257 224
1830 7091
7209 4366
8418 4310
2944 3128
2231 2741
272 856
4427 4756
392 1072
4812 7575
1451 7759
5611 4980
5877 4071
526 5463
5062 9749
280 1165
9942 8018
9545 151
6119 7198
3731 1486
5516 7884
706 1875
8281 2935
9008 5917
3370 1674
3936 7989
6114 5077
1180 316
958 2172
9461 9738
7737 6420
3206 4715
9845 6158
8888 9973
6939 8456
7542 2568
8463 7748
8850 81
6390 8841
4783 1859
3157 2358
8457 6494
2727 8502
6384 3686
6481 4468
9533 8707
5393 2051
9748 6591
3518 2430
5161 9786
8393 8410
6635 7524
5003 424
5565 4078
8265 7304
9290 8048
8609 6082
9220 1767
2266 7916
345 7087
9376 6176
2869 8475
3949 6165
2240 842
953 7884
3655 3899
9670 5705
4421 2224
8133 6394
5260 7651
9272 5177
3664 9496
8397 3193
5151 9304
6517 6021
3104 7882
3521 7367
9509 9497
1886 330
2523 1779
557 7191
4877 2258
6270 3708
331 8552
8571 1185
9280 6084
6661 7248
5011 3615
5346 8696
1426 2336
6393 6686
3305 1118
1012 6410
3707 7917
3086 2677
9136 3812
9968 2572
726 3369
2638 7536
5234 9290
615 6597
5683 9995
8170 9129
6585 262
2922 9680
3940 6365
5076 3790
3696 1918
5435 4006
2369 9928
3415 8168
9799 6404
4180 893
1503 8561
910 4099
1330 4648
5050 2602
7559 394
1446 2827
5268 6543
3260 8217
7695 3230
4366 8629
6456 3295
4238 802
6451 2514
3463 3712
7942 5486
7952 6628
6229 9922
1798 3280
1382 7501
2782 1264
1329 8603
1932 9204
5279 6271
899 7945
1324 669
1496 3993
1698 7345
6630 8105
13 1372
3376 9048
2916 4567
3537 4292
534 1197
8193 6741
5216 8645
7129 9728
3391 8527
2588 7949
8365 8155
9952 8856
9221 8436
1810 8424
3667 7347
3553 6362
3119 3208
8667 1805
6601 3003
7927 8504
1118 7885
5824 8719
3462 9893
6584 5279
3006 9669
383 8697
2608 9055
8995 2106
6311 2382
7943 7719
9192 1125
8298 9595
6369 5194
5312 7109
5994 5800
908 9557
28 1026
2629 4150
8264 7946
2110 6933
2504 2555
6950 2360
2603 6355
9255 4525
529 7782
4913 7987
8512 7843
5284 3019
7718 4635
4316 5654
6937 991
3398 3633
7303 4386
1796 5704
5428 7896
2688 9409
2583 4247
9157 4637
4319 3342
3553 7973
6679 6073
4979 9619
5740 6840
1651 2468
9899 8465
8628 3299
1177 9118
4965 527
406 7919
2065 6941
7299 980
2344 5530
1950 8924
9329 6042
1306 2029
1292 9691
3738 963
8759 9317
3015 101
5973 5724
3034 8775
8818 984
255 435
3992 2916
8662 5261
8212 3293
657 5249
8701 9952
507 9913
2718 3043
1604 1540
6766 8386
9914 7030
3488 9465
9611 8531
3452 188
2371 5732
2482 3928
8323 1185
2850 2168
6636 2103
6599 6249
8040 8278
1643 5219
9743 9667
24 3294
814 1584
1605 1910
9421 7653
3482 6323
3068 1802
7124 8675
6316 2157
7042 4305
511 3977
3010 8095
463 7062
3250 3181
8247 5459
8342 8541
7294 2090
8736 4808
7069 4819
4544 3510
1420 7395
4043 4287
607 6184
524 8531
5583 5154
3706 1339
224 6743
7220 5510
3916 5988
0 7851
6796 8927
9625 4034
7342 1514
5368 3399
2433 7108
4154 3642
1358 2450
1015 3775
9704 8589
658 6940
861 1116
952 1537
191 9275
8142 1615
3466 6319
8173 2853
1806 3160
3159 5794
5687 7189
6366 695
4366 5405
109 7041
8690 8619
4214 2137
4398 143
4671 7881
5437 8880
2563 6040
9592 3381
7464 3612
2723 3602
7372 583
3093 8282
1194 3083
5668 9321
6511 8852
610 5531
5180 1237
5987 6871
8533 1514
2660 107
5135 1953
8327 7936
2735 8194
4330 351
7591 1071
8096 1569
3676 5712
1463 9899
3078 2175
2245 9662
367 3927
5354 7488
7307 4532
8610 2950
5687 555
1515 5003
7517 944
3189 3737
3476 9932
7686 1134
4384 4939
7311 5998
9043 5512
8350 4953
2094 3690
8529 9576
5996 6364
7723 1296
3378 8868
6343 4836
6539 3168
2472 9403
9639 1391
697 6532
69 5287
1456 3364
6889 8628
7449 5251
2101 9201
8024 3283
5056 8206
1926 9774
2429 6881
6753 6687
1029 9187
5436 4543
6855 1188
7225 4205
3043 892
6187 5228
2162 4409
681 9532
4939 8764
9164 1311
5952 619
3629 64
8886 204
4856 7268
7796 8235
4794 1213
6882 178
4549 8830
7072 2102
2781 5453
3637 8940
948 7339
6263 9202
7618 2213
3132 8639
1711 1187
306 2106
6118 6152
2221 3754
2833 3841
2087 9543
2892 3926
5096 7130
8091 2291
108 4670
2337 2205
6043 6863
1717 8608
2182 9120
6054 51
9332 2393
7628 9094
6731 4474
3559 6677
6325 2804
8588 9719
8698 1107
6625 4498
9405 5417
9803 5093
847 4832
6591 5785
5811 1632
7172 8467
2264 7479
9440 732
5693 1931
825 4435
1090 2291
978 6935
7340 8008
2059 5675
9342 1819
7543 8073
4147 6762
6543 8427
636 6339
3816 3964
3214 3545
9484 2874
2632 1421
2145 7615
7047 9799
3012 7983
4848 9449
8353 5229
1745 2769
8107 1632
9542 6079
8697 6124
4338 9275
9679 3701
279 9044
2286 1783
8054 8565
188 8586
5031 2854
7416 8195
8825 6541
14 3569
4674 5408
2022 6895
3641 3218
5933 9303
5407 6043
2661 6315
3677 3357
3839 4662
21 4652
8294 4171
6581 3894
7670 1466
214 32
2131 563
7536 7632
8177 5802
4110 1956
6072 7469
1756 7237
3854 982
4494 5194
8050 929
850 4429
6159 4582
9437 3144
5606 7181
9821 4095
3301 5323
9038 7575
7841 234
5766 8826
7281 5075
9075 7858
8532 1543
3807 9636
8494 296
7949 2485
9699 2921
8166 6795
4389 1868
3321 6666
3321 9343
4692 8738
3588 572
2126 4947
198 5748
7770 1175
1686 2995
908 3217
7539 5843
5471 6720
8733 8442
1662 6403
9348 8167
2866 2908
5728 805
1595 3530
9014 4475
3536 3724
5306 4704
6278 8112
2997 1902
4610 5824
2370 9297
1586 9150
5188 6936
4510 6264
9225 9901
1166 7530
5700 7144
7407 9454
6 2321
2705 1879
1858 1111
2430 8469
1238 8493
9476 2550
2134 7069
6468 2711
2788 9234
9370 6790
5671 1242
1961 8437
4397 3141
8180 1139
3776 1294
5350 9659
5305 4685
8166 9630
518 5910
1511 5762
8030 177
9089 5126
9122 2035
7087 155
9448 5054
7199 1022
2307 9183
2731 9315
562 4232
7007 4092
996 5099
1748 5930
9926 1145
6470 8958
9420 4863
7102 1367
7120 6237
7016 3962
4630 7926
973 4899
9627 5835
5753 3462
1341 2060
3898 9540
4971 2049
2119 3428
3292 5581
6475 3546
1888 8455
1813 3897
3984 3024
1690 3902
4217 2539
7708 7096
3211 2480
4912 2489
1868 4603
3228 8207
9632 7037
1951 722
3399 2483
7923 2328
9150 6436
6749 8460
6082 5163
5270 1819
4270 579
9764 4474
772 6917
4425 9468
359 390
7891 6179
7487 1621
5902 2124
60 2636
4405 9273
1747 2790
963 45
9996 3704
8303 1828
1274 8332
1993 9364
5381 2618
1340 1806
3980 6315
9831 9657
7859 585
7648 4270
9400 7873
3018 7909
8882 3714
4092 1149
7540 6160
2812 3288
5866 3409
4960 2926
3141 9461
8190 530
6181 26
8829 1704
319 2870
2998 2358
6308 7843
9884 626
109 7510
6426 2911
860 2124
4604 5207
7454 7940
616 5221
2441 6074
4580 2260
1391 3578
6930 2490
7090 811
8806 165
6908 4660
4257 4552
3410 2106
4802 9779
566 8406
2323 8380
3434 5182
4754 4803
8073 1081
4277 7703
6910 6159
4015 1565
5680 3362
2754 6387
7634 7704
7501 602
2413 3107
7456 7905
2044 7213
8505 6073
1161 41
5953 7135
3057 4390
4692 4468
7957 5874
462 374
5346 3710
2300 5400
4813 1180
8935 4475
6874 1361
1495 3787
8932 6518
5388 7177
4291 1807
7589 1727
9102 5006
9719 5106
3628 1180
4737 2138
9491 2
4262 1050
1427 6683
4253 4018
2642 9684
480 6853
4501 2450
5389 2082
1044 38
4424 6022
5626 7970
3150 7014
6123 3882
6347 4837
9570 9710
9376 8376
1055 8816
34 2411
8742 9131
4664 6533
9996 7015
4247 6359
2638 1498
9438 4461
9938 3431
5643 5566
2473 1102
889 7840
8541 6018
191 6325
1855 6872
8122 7036
9690 9688
3670 920
785 9527
2573 8636
5864 7646
452 4410
7487 6410
7160 7102
5301 5532
4541 8619
6231 2119
1084 5614
1476 7160
8705 9385
9759 1225
9358 2623
6984 832
4615 6981
589 2132
2214 8790
4064 2004
7245 5865
985 5572
1555 163
802 7802
3761 6848
5399 3099
8494 1460
9041 9638
3082 7897
32 5031
9689 926
6316 6488
180 6837
3487 2702
7305 1988
1432 9734
473 9128
9297 5988
338 5881
7917 9827
8813 410
7880 6808
4264 5731
2121 691
8237 7861
2570 4878
5212 9620
7353 9922
9325 536
257 838
951 3199
7725 1685
6902 2738
649 1612
6622 8263
685 8425
9279 819
2934 3193
9917 7770
6510 886
7247 6064
4971 6147
3782 7204
4269 1195
7658 2459
4660 2284
5322 5055
1349 8922
5194 7531
5388 5559
4214 3782
3838 8670
5539 5132
5824 7330
2139 8739
7284 7654
6157 1009
2862 2822
9400 8379
9586 5275
2867 6812
271 4755
2785 4156
3770 4212
4351 1624
6789 859
1791 8853
4975 6566
4496 8565
7824 3050
7654 5092
7570 3365
6593 1685
1179 3465
1955 7640
8724 2887
4451 8905
2245 541
5502 231
2337 8791
6469 6646
8565 4397
8387 5114
5137 2037
4364 293
793 5859
1510 517
3936 1008
2488 6040
3178 8594
3749 6475
5546 7502
1110 9284
2003 823
9799 919
8144 3666
9097 8689
6450 7976
1444 2643
9980 7643
9808 6101
3248 9619
3602 4953
6847 3271
4216 5742
8612 7152
3343 5476
9677 6113
8685 5868
8818 8782
9491 2770
1333 8482
2138 2819
5369 2824
300 1045
1110 6702
944 3832
3540 8390
9945 1804
3382 3951
391 9590
4992 9626
1922 8319
9168 7715
436 8359
1300 1625
770 5414
1151 5138
4600 1296
9760 1201
8677 7991
3699 8425
67 9122
4351 7614
3742 5242
4336 2506
820 566
685 627
3900 1394
7633 2246
3245 9619
9848 2215
8552 339
120 4871
3607 4387
9102 698
5860 938
487 6500
5473 2429
6855 2205
657 7774
3778 9258
9446 1095
1466 8928
3560 4614
3424 4516
2453 3701
1943 5539
652 292
9153 5177
3268 3463
3403 7822
9420 4087
7778 9836
4045 1620
4683 8715
6973 4790
6897 157
5562 9210
6856 6027
2340 314
5485 9123
8298 1601
6673 6862
8479 5636
7686 7276
5576 4188
1343 3357
7985 6271
6930 2314
3682 5496
1876 5185
5782 4964
7072 578
3699 4238
5309 8924
2148 1558
8284 5200
9086 2578
6109 4983
1344 6168
187 4857
6074 2737
304 837
1734 6922
2721 9807
1963 4652
447 2202
5463 7878
8785 4242
4983 4145
1211 9347
4068 8979
984 3820
4894 1221
8952 3279
9231 1505
1686 1264
7455 267
7016 9016
4371 5804
9166 2935
1850 5135
3342 7330
8384 843
8211 490
9024 2666
8482 2210
6492 9466
1413 6423
985 2104
2792 2345
365 4604
7486 8540
6677 383
4902 9410
4959 6660
9394 607
8619 2224
9131 9484
9296 7425
4066 1300
3906 1435
530 621
1738 1840
4421 8680
9384 2497
9914 493
3658 8292
8064 6889
7932 923
2698 4026
182 1609
6604 6276
7131 6721
2214 7250
4017 270
4857 7107
7441 1465
3477 4317
7361 3566
2571 9854
6024 9056
2745 6517
874 6662
4395 8923
9377 3576
2150 4748
4613 1764
6205 3014
2482 5178
5391 9467
376 5349
2670 2529
6965 4261
7637 5820
491 9455
9295 1929
4021 8809
2402 468
1113 9695
9592 9896
6402 3326
1384 5654
2818 3232
4112 2918
3740 3522
9898 4047
7481 6941
534 3906
4774 2635
8363 4207
5690 4302
3856 1793
1533 723
5673 6024
1265 1426
9089 1562
3914 6078
2771 8327
1331 8383
4432 9083
3229 2613
7931 692
3958 3661
72 7024
1216 953
4208 648
8988 8824
8317 7434
3375 9593
7904 7470
713 669
9539 5851
5279 1977
5631 7405
2108 9743
8060 6490
103 9440
9857 6963
655 3198
8228 7626
7838 4669
1746 5339
9354 1060
3716 5773
5030 640
7530 4195
4750 2543
524 3613
5108 5382
6489 7695
9274 5428
2634 9481
5656 9841
7955 6052
9837 8033
8347 8695
5733 7201
5323 909
8086 9634
5412 3360
3086 4803
9713 9560
8663 7905
1651 9031
5814 8083
9088 3955
2940 3608
2620 8591
6151 2709
1991 9565
5217 6019
2536 3600
8259 7183
1617 4793
4917 9406
2232 866
113 961
2908 7058
3609 1590
1802 9321
3021 1972
4394 7318
4351 2760
9710 2274
8741 8985
9486 2475
4237 3540
3444 1782
7381 9499
2889 4314
8304 554
307 6019
3353 8382
5429 7812
1148 887
8343 9998
6115 934
9736 2266
3698 3516
1923 228
689 4106
5056 3473
7470 369
2451 9306
6522 4246
9854 5146
401 7641
1848 3003
8411 7165
1673 7325
3481 4201
5957 1956
5360 4029
3756 7295
7925 9732
1206 4697
4577 8535
468 9262
57 2833
3278 7456
7295 7147
5380 4764
6420 8543
4047 2281
7116 5728
8644 9197
9523 2938
8376 5117
3124 6985
1197 6367
139 6814
1936 8773
3085 7540
4627 8930
6267 5363
5421 6338
9587 845
3762 3564
333 9734
76 8115
8637 8086
8476 6940
2087 7519
4892 547
4163 7185
5071 2820
1613 3382
4670 7773
7849 7834
1467 6702
8308 3391
6504 407
5547 4585
2034 1318
4522 8322
8155 1432
1200 5514
4257 1347
9424 3161
9204 2692
8628 9237
2637 4027
5790 811
1090 6356
7273 5840
4789 8839
8728 9564
823 3325
2579 3274
554 6849
7417 3731
2666 8951
9755 7866
3887 9777
7288 7673
396 1411
2987 7423
703 2200
8298 7229
4284 6646
7706 2690
3145 2550
5368 8097
3967 5962
4622 8926
480 1072
7928 6348
9924 9507
7257 6877
9471 10
4095 185
637 3996
929 462
8121 8326
7841 2156
7847 197
9320 1599
2890 5559
2239 5626
5474 7102
2586 5687
6565 7849
4021 7918
2884 1234
1696 1296
2130 4015
5144 2639
4636 6223
1281 7361
6846 8840
471 8066
5918 6621
8677 9625
9238 8520
2346 4581
2226 2299
1405 7849
8414 1179
1032 5971
1873 9559
9574 7966
702 526
7970 1682
3363 9946
6640 4469
4600 5533
5549 1809
1981 140
5276 1399
5313 5232
6316 7939
4017 140
8513 9974
3180 7892
2063 6526
8993 7455
8701 7190
9809 6974
207 8685
8812 7748
3968 8534
4178 9131
2697 1370
6128 5046
8478 4036
7699 2481
5287 6984
3789 1376
139 8791
3353 4467
1805 3097
7944 3706
5898 4042
7433 2041
564 2657
365 2607
2187 8525
3728 4073
3924 395
6194 2921
8932 4758
3075 5558
6955 1953
2467 1597
4103 9986
2013 8714
4849 1228
1636 8351
8508 9032
5166 1812
8816 5402
9646 7216
3914 5300
3873 4574
9108 4957
6333 2804
6568 3598
1617 1925
1845 8505
4122 58
5996 382
1565 7415
349 4593
7137 2024
7431 1027
1201 7
3399 158
8800 2600
3285 1487
7836 7085
8315 1436
6420 3739
934 8906
3711 3587
4952 696
5683 8694
4768 3152
5983 9237
7576 7443
8002 2887
7093 1749
3249 1189
6821 2537
5647 1267
3434 8098
7825 1935
8106 7430
5818 6110
1485 4203
6916 5463
5018 3742
6869 9
7629 1153
4099 1705
3511 2008
4694 6808
7417 3407
6202 826
1783 9234
7671 5407
2311 8329
2695 595
5227 6125
3469 7852
3538 8777
7079 4273
648 4510
1897 6579
2061 6777
646 6466
6380 8098
481 3502
5915 123
4097 4822
6484 9798
2931 4167
615 2032
7072 958
5607 4678
8386 4307
5155 6062
5177 3979
1655 2520
4157 3962
8063 8779
1515 1491
8421 2298
9365 6200
8472 340
8189 8565
9875 2178
9397 1079
7361 6911
3730 4951
5618 5856
8979 4945
4199 2816
5864 2308
2912 6662
5456 5968
4523 3029
3432 9804
9859 742
9592 561
3310 8565
8670 4040
1477 5784
6334 9320
6834 5433
8143 7457
7364 7515
9943 647
9831 4736
9228 4522
1822 5440
8229 3232
3114 4286
9813 2133
9233 5595
4921 5185
2697 8150
6338 1687
9978 4845
2291 2159
9145 901
3265 8626
7118 2871
7542 887
7389 7921
1730 8499
4598 3165
4245 831
223 4716
6210 1069
7094 4409
2902 2285
1447 7454
1540 2980
1903 329
9464 5334
8100 2391
8903 3876
7796 8589
2423 8871
1451 2006
9842 2972
6385 3040
6424 6986
8953 641
9428 5145
7029 3215
427 1749
9872 2696
9807 2614
5008 1933
6276 2016
7179 7212
7510 3150
2592 7467
536 490
7810 4726
7431 6099
4953 7275
1568 9463
226 5948
1810 8771
5951 5295
9612 5502
6717 9743
8074 1111
6445 251
8872 4006
2434 8097
355 2943
692 5653
8182 427
6482 8290
1736 9069
7876 5633
1637 7243
7446 5003
6873 8361
2432 5179
5968 4215
944 6578
9150 228
8040 5106
2514 6684
1130 6521
2148 4047
1847 1106
1551 8960
6068 8791
9001 308
3601 4292
9353 1963
9143 647
5226 1147
9689 9448
6389 2054
7752 1079
6793 1956
6767 5031
7972 7114
397 8247
4223 4455
375 4265
7239 8748
8345 5787
2839 2647
9828 1993
1576 5422
2148 2194
2343 2986
8596 8934
7773 7296
6187 7801
131 5670
2946 4429
5351 3116
1513 984
4327 1430
53 8130
4295 6988
330 5860
1088 7377
4129 4290
8030 3697
4070 2458
1217 9838
2005 6389
201 9627
4310 1590
7040 2846
6714 9955
720 5389
1770 7306
6209 8666
1194 1318
4544 6742
1886 4601
9004 3227
1665 4099
1801 3763
3761 3594
3926 6395
85 4135
9586 8902
8311 3379
9868 2374
8215 9140
5201 5209
3836 8388
9033 5520
3564 8146
6898 8821
5278 4735
3375 9736
7035 386
5604 300
4908 1111
7440 4274
3809 4544
3243 2907
9289 3649
2896 3885
7315 8976
7612 9664
8663 1033
8459 6875
6706 3833
4482 5315
9599 1829
2385 6516
1386 5561
6172 1570
1721 15
3684 1761
1850 6607
6016 7192
5823 2195
3016 9762
770 2176
4321 1892
568 5677
2036 1767
724 6498
3962 7428
2026 6373
8112 5237
6211 5813
5252 8586
1926 5861
5487 103
2830 3331
9621 2867
3598 5948
8027 629
103 8532
9115 9577
7566 1660
7143 9050
5589 3473
3658 843
4185 7499
723 8918
8451 5006
1250 1855
3033 2039
3096 1093
6352 2231
4354 8544
7332 7013
833 607
4217 4566
1804 5617
9409 8438
2304 4546
4235 3769
3031 1816
3545 4865
9299 6564
2387 6284
6996 9816
3869 2477
8633 3217
7673 6648
9659 8612
621 389
8889 3815
6328 7875
6321 4268
3519 3673
16 8296
7383 4129
9118 5938
1457 6485
7969 9316
5089 8547
1678 491
4826 7788
1437 9371
6879 8686
7191 4064
4518 7593
7609 6489
2939 1943
6660 2591
1614 9351
1705 1209
1938 5422
229 6760
5164 6613
757 5052
2903 9432
4026 1498
629 9430
7279 4764
3278 6902
4593 7795
6111 7913
3429 3312
4947 9807
9817 3156
594 2678
1785 3856
6177 2425
581 2950
709 2591
4644 4321
3256 5813
9994 9163
1110 723
8317 1903
3529 1170
9658 9548
5322 1428
7013 8338
6450 166
8142 3699
6051 9997
1567 7002
1132 5003
9390 7834
5419 3869
6240 961
5032 2763
8879 643
9739 7150
6466 3594
2349 6543
943 5289
534 6325
32 6097
4183 7350
4876 1686
7600 5362
6979 747
8250 3782
5894 1721
3330 1361
8445 7113
5755 7284
9318 3413
9654 1357
321 3349
2696 5830
9379 573
9600 9271
613 7959
3146 9232
3042 9977
987 6057
4175 4698
8881 7494
6300 2550
4618 7325
3249 5546
7972 8999
1192 4624
7017 4081
8260 8922
4598 2614
6960 2105
2936 9898
1032 9171
9701 513
5514 2236
2339 6129
5283 6630
1297 8057
2405 1206
3154 6317
6827 3998
4547 4090
1968 8872
6252 4986
5838 1772
1469 1663
8402 2693
6390 7612
3796 6295
570 9477
8389 4299
4865 6413
1860 4733
3076 1600
1703 8452
6814 9144
9289 1594
7225 9388
1750 9411
8623 2146
2546 7462
3595 4343
1818 8080
6846 4284
8552 6362
5676 6705
4097 5500
5348 8463
1932 6130
6912 1512
2202 2887
3597 7607
6138 3506
4014 449
5871 5102
7629 233
6337 5616
5018 1285
5326 2575
8843 9359
5739 5655
8933 7859
6085 6288
6057 8887
8005 2544
1908 3591
7478 3935
1433 9805
1469 2147
9933 3673
7272 796
3486 6348
6245 912
3869 1585
4418 4661
8782 6956
2897 1525
7733 7010
6944 1516
1393 8267
428 2499
8508 7932
3168 9759
7924 8765
6579 2764
3393 8694
5883 3392
4645 7335
9931 7580
4330 8779
6748 2233
8913 3893
6021 1419
9052 7546
508 1134
8465 3539
6558 6391
7430 8498
400 5012
9383 6828
916 4385
4515 9269
5196 4986
1240 4311
352 4601
7441 642
9186 2057
3294 2354
649 1680
2872 5347
3549 5537
3047 8792
2837 2989
3838 838
6082 7739
8894 6675
3825 1715
5482 1309
1190 8837
3547 655
5376 8666
3103 2643
6892 1311
5089 344
6052 6502
8095 6463
3561 8788
162 3454
8112 2303
2299 9868
1489 8829
1527 3413
6884 8460
4111 6838
4786 9618
6584 2115
3029 6944
8326 4750
7146 9169
2092 6244
5693 5690
2191 7587
8309 3916
1045 3032
7667 2971
6947 8214
3185 4601
3400 2757
1395 6987
3313 1231
9015 9491
667 4671
177 8535
1158 530
3903 6469
9917 1419
4574 5369
2888 2177
3619 3948
7757 1022
8977 7308
2493 7161
1971 380
6332 510
7865 5959
6604 4800
8617 2580
1220 9882
7417 9138
3938 9180
5993 709
9585 5476
3286 7794
5546 1840
7307 5312
237 9808
1476 1896
6411 3702
7473 9333
5153 352
3332 6463
5213 6131
6935 4603
7986 6849
2079 5467
5751 9408
2192 169
7539 6749
4870 791
7450 7523
8210 6239
2853 2755
1443 549
18 2199
4405 4394
8479 5535
950 3666
9719 7599
6128 9031
2226 7480
7441 9082
1952 4266
1333 1395
856 4959
83 215
3360 1376
7174 7472
9419 7173
5272 685
6149 4085
7355 9339
6423 8512
5020 1136
2470 4812
8050 4556
2552 5752
1103 7686
6889 8453
9830 6210
9941 8230
9890 2794
1072 5624
2251 1020
6999 4946
9786 1177
9564 2002
2437 4472
2011 7483
7939 1328
119 2432
9321 8386
6978 1063
6513 8489
3211 5440
6235 7144
3625 5057
6398 289
6271 551
1029 2783
396 2449
8656 7990
3497 3589
837 7945
4129 652
3416 8484
8504 4096
7328 9585
3564 1206
7654 8302
216 5982
5879 68
5470 8022
4033 2073
2236 1340
8794 8016
6635 3459
6636 2504
4664 6696
3769 5716
4188 5690
7179 5161
3745 8967
5441 9757
9003 8892
8801 6627
6983 1572
1709 2912
2425 4027
9503 8641
7095 5221
169 5495
2665 2713
5429 2050
927 9003
2452 6142
9242 2972
2450 5909
1361 6736
1056 551
16 3867
4648 7108
879 9688
9447 4848
2025 2092
3074 2674
466 9440
60 7239
2582 8627
2772 5974
8776 2909
5074 7879
6409 8169
6404 2325
1668 7001
5753 9156
9000 6992
509 4578
4948 1138
4742 6287
9377 8085
103 6163
6886 330
9863 5939
9066 5198
3233 6450
9129 5144
3433 3420
148 2131
1140 8775
254 2416
2713 9270
2043 8770
2311 5949
6046 8153
1140 3752
3969 5163
8416 2294
1690 6048
6411 5306
980 757
2530 2293
4074 945
3998 4677
6568 1841
4004 1341
3397 1890
9546 8600
5075 9039
932 2027
2222 8394
1714 8083
1790 8637
6624 4220
7882 2168
3342 8504
7505 4925
9384 8276
4021 4249
5722 1357
850 5283
9873 1860
566 1625
1000 9437
1210 7606
9589 1931
5820 5709
8841 6398
8796 7801
2623 3470
6446 2354
5209 8424
8177 729
3385 7787
5732 1502
6283 6973
7965 3443
2347 9857
4034 7959
4052 2412
6005 794
4087 629
8658 2657
7270 3685
596 1264
762 8731
1042 290
4496 3172
1325 5913
4514 1979
4387 5487
4308 931
2851 1842
6125 2079
4751 1102
5331 9479
920 8877
5923 986
8802 6169
3752 7637
2767 7601
6524 6642
8086 7228
5579 422
5092 6542
5867 1093
2210 6411
3470 4518
288 1769
902 1796
6105 1321
7302 7425
6949 2266
4549 6305
3850 4438
8455 8051
6849 9949
2641 1561
6424 4376
6444 1431
2912 5190
5553 2605
9781 1830
4018 9914
8286 7890
5831 6883
6357 9837
6958 9596
6867 3010
9301 9947
6091 9894
3088 3325
473 2345
2540 1832
4382 3189
1840 3892
2503 2032
9344 7930
1795 735
2759 4138
9423 9287
9471 6663
7107 4539
8231 4558
2989 3763
9052 5755
8873 9065
5701 9666
2981 9608
5547 5210
6376 5613
8827 5485
4700 1837
9002 1702
8574 8439
7203 7884
6189 1230
5826 7645
138 8889
6048 2152
8332 6246
4975 401
2837 5619
8394 9721
9986 4610
5190 8973
144 6796
4954 4150
9073 8551
2958 4889
6298 8026
4867 9675
4559 988
1465 7001
2573 4207
9776 4040
2278 2947
1056 1888
3672 1603
6773 4680
1209 6671
9610 7225
135 7562
4623 7309
5680 3687
2254 8817
1554 5988
2561 8317
747 7595
2280 4869
4243 4410
5122 6766
3238 8941
8072 4333
7038 3145
407 2351
3056 9110
8415 1901
4945 929
6049 1977
3242 7377
6811 9520
4811 4009
8573 8069
3675 2897
3711 2411
7696 9406
4171 206
4485 727
2976 3845
6227 8928
4167 6105
8053 5792
3056 7194
5052 9196
8135 2796
98 2898
8310 1099
9519 5154
1353 6906
9268 5834
8535 2441
8765 9478
8067 4613
3973 9071
2512 898
5250 8021
464 3890
8816 3800
8273 9895
1570 4649
5196 5757
4573 3267
6355 5215
7841 2624
4092 1792
6153 8116
9153 8999
8281 5156
7998 2215
439 2723
5764 7922
8599 1865
4862 6088
4327 673
4187 983
4353 3762
3435 8272
2841 7368
3011 4648
8790 4308
8443 774
17 2270
2564 7690
2658 8873
2505 5337
1835 5002
801 4478
9650 335
8792 4202
4223 4863
8368 7589
3666 9776
5736 8897
8314 63
6701 2048
6042 8257
1990 2494
3779 5370
5799 6258
4485 3972
4653 546
800 6776
3227 3728
7567 217
1760 6150
7541 8232
4528 5938
4859 6954
5783 8688
7427 5075
532 7384
3149 3729
6564 3444
197 7213
4061 2879
5060 3003
8335 8369
4203 6259
7388 233
7207 4964
9268 5264
5415 2014
858 871
4130 6293
9017 2666
9612 3252
2461 2702
4925 6174
5983 8054
632 1154
7072 1537
2385 6290
7979 1314
554 3989
435 1166
271 5934
677 7573
6800 1726
2701 8492
9012 5346
6043 2057
8550 2625
2463 9334
273 2566
7358 2424
9205 9382
2278 4993
6009 3132
6899 2816
946 7862
919 3811
1301 2834
4734 2830
2875 7201
1791 3937
6037 9597
3632 595
1645 2710
8080 1080
2960 192
2638 71
6102 2851
6243 4632
8619 2093
2147 293
1197 9402
7348 2799
2647 8189
4324 2559
6031 2336
7895 6837
319 7576
5566 8940
3540 9738
6230 8867
1777 7080
6440 3231
5781 1104
8956 7309
8493 9746
5664 1109
3792 9553
7936 7035
5701 9627
108 8432
9887 18
6932 2005
7329 3618
9977 1687
6011 5408
7520 8318
3131 4806
8627 2650
3023 5632
588 4138
4416 3602
3677 3238
5042 2170
8357 693
7006 3171
1360 3253
4690 8077
2507 4532
4469 3249
1162 8302
1549 2196
1010 9446
8008 688
9143 157
1313 930
5187 5134
8968 2502
7768 9869
7475 1322
7909 8231
3320 3273
8816 2157
4852 1000
7001 9639
7791 781
1920 2133
4930 2082
9013 6993
4679 7045
151 3206
2262 4348
1788 2013
8112 1554
9701 5027
4531 1780
5404 5597
1745 9851
9962 5348
8774 7553
8252 1689
4212 5751
5707 7846
9868 9017
5909 2256
3104 1353
4628 9790
8896 9746
8327 980
1005 8529
8059 2307
5382 5027
2144 1287
3618 9668
5278 8038
380 8567
171 526
4136 6424
609 3611
4967 6382
2921 535
5713 13
7587 7329
9168 3543
9787 7215
4142 9274
6258 1692
2700 1293
3075 1857
1590 5466
474 5848
8218 2377
4729 7468
9221 4864
3745 9789
7850 2882
1488 113
217 3660
750 7024
391 5022
2755 4777
9369 798
3626 6941
8991 1570
9587 4044
1599 2200
8722 4176
9895 5287
1753 3662
2072 520
7102 8432
3511 9544
82 8593
5032 2479
8012 7008
5496 4312
8193 3192
8533 9719
4696 6063
4545 831
3031 7286
1484 2440
7497 6933
4283 5773
8431 1864
8496 6809
6050 74
8265 5264
4517 6821
2367 7998
1494 6946
7338 3734
4571 6287
7969 9002
7318 8527
7580 6789
8418 2042
8207 5466
2488 7087
3455 456
9972 4050
5566 4327
9175 9729
4112 4585
1564 4533
876 2986
4735 7683
8252 8714
32 1862
7452 5747
8882 9063
2374 123
3804 2001
9147 5594
1690 5086
2599 604
6920 319
3875 2083
8889 1648
7623 3099
2603 2695
2558 2394
5277 5061
4226 9143
3981 1974
4923 658
7007 3106
2985 5815
9882 1218
9210 5526
8542 4250
687 9172
4159 6937
7968 370
5418 7510
5184 4265
1787 849
1679 3294
8201 1223
9025 8638
8713 4732
9978 7117
1452 4014
5310 7212
4360 1407
9385 9422
9741 9637
8887 9529
2555 5960
1300 1859
1346 3636
7382 5990
2667 3982
779 1206
9137 4220
8160 3369
208 7695
1047 1227
488 7014
8649 4892
486 1612
6961 2617
8390 8141
5491 5600
5117 1482
26 8260
4483 8832
8286 2895
1835 5454
4802 2323
4785 9006
9139 9626
9876 4426
6788 6595
9394 206
2392 5468
1816 5994
8324 9567
1115 822
1725 8733
1991 6298
1280 9817
8171 1317
1509 1047
5850 117
2708 5360
9948 869
5455 8037
3892 7382
7510 5204
8475 1503
3324 6031
6497 6243
9325 7859
1500 7684
6319 8348
3916 3501
7094 2846
6576 2934
9776 9174
4998 681
2484 8748
7486 3292
1891 5554
3688 5261
7577 6509
892 340
466 7959
8568 3050
2532 7688
2258 387
8182 2457
609 4905
8958 8880
540 2651
6610 4711
2897 329
6034 9625
9523 543
402 9330
9115 2919
2873 4095
9526 9016
4147 7207
7262 9810
7726 10
8831 1912
2293 1895
6180 8083
2213 6142
437 3914
5631 9465
7000 5395
6393 2056
917 815
4734 2243
5837 9176
341 6176
9 8062
199 7461
4907 6677
1066 3054
9539 565
6006 1118
4311 8841
5474 2432
420 9780
9669 3414
1539 4099
6322 1304
1388 1530
8228 3690
7605 6152
6035 9939
475 7255
6132 5061
831 8966
4343 9024
8763 5475
5333 7323
7245 2819
5433 8271
2512 1018
9486 8870
1916 5365
6383 1399
8198 1513
7290 6966
1625 4335
3270 346
6596 2108
4198 4202
8223 8101
2980 3309
3096 322
7234 795
9182 9584
5051 4178
5314 736
3346 5625
1910 7918
5075 3420
5576 2796
1984 7393
5224 9061
1565 2855
7622 6981
6698 7528
7454 5231
4704 1142
1866 8655
5565 8142
9206 192
4966 1298
1555 984
7196 773
2497 9148
786 7472
6389 5157
8234 8478
9586 8695
2046 6876
3690 7941
461 2338
9129 2171
8837 3504
8069 1459
1045 7526
3940 6263
2858 5350
170 8734
2635 6680
7977 9902
7726 2247
5793 7200
3896 2390
2349 3027
7676 851
1155 1369
9530 7284
9526 3021
5500 8902
8573 3091
8096 6598
9302 7959
8947 6666
961 1937
1673 4543
1130 5155
3491 457
9292 2286
2927 516
1875 3124
4386 506
727 404
4490 323
8183 2542
8997 5933
7306 1933
3746 33
5727 5279
8308 6825
5627 1738
4463 1497
5148 4344
4653 2112
3582 7498
5428 2276
7319 1327
5231 1005
9962 801
9092 9412
483 1961
1155 5590
2119 5665
8418 1228
2271 6152
5194 1061
2997 5218
8719 9589
3886 4677
5355 1508
54 8276
4506 3387
9733 9357
5234 1203
7320 3240
8871 905
5646 2836
2096 5589
5057 1360
9893 1687
2158 6480
2904 4340
1712 239
2090 1040
1488 5281
37 2559
9398 1356
1237 8592
7524 4812
6381 9487
7914 1633
4882 4034
7041 7571
601 8116
8014 5927
5570 2428
107 7439
2037 9244
8103 5113
6849 6690
6350 1991
6216 2334
6875 5028
8055 4669
8089 2799
9764 8599
8101 8120
6093 1218
5335 4756
257 2728
1952 2809
6209 8696
589 6524
8737 3110
1663 3241
79 5629
7258 9451
3923 3051
1731 2239
7021 8532
911 7820
4295 6898
2806 8846
3590 3870
2817 1906
359 8112
9821 2418
5439 7287
2293 8632
4350 2273
1640 399
7770 4930
2566 5709
3869 5983
6504 1150
4515 2093
7409 9566
3193 481
9207 7233
6191 6162
3360 7907
2887 1070
8218 7914
159 9969
9614 1760
5835 1159
8959 5240
4727 9703
9618 4933
4611 1793
4561 6174
1308 1178
1131 254
3720 8762
6136 1925
4273 6518
8671 5979
2916 51
671 9232
3715 5932
3830 4557
5555 6398
1867 924
3603 2423
9848 2345
8061 4555
391 665
8089 206
5152 86
7962 3435
1086 3097
4405 2949
8241 8321
2185 9955
8066 1698
5226 8132
4900 2297
1948 376
5076 3625
5531 2449
5798 6937
9099 4981
4384 9896
4700 7067
7353 9545
2378 5967
4324 5257
1139 9533
5143 4616
1976 6273
6333 8968
7748 6229
3176 1889
3694 1448
9887 234
424 4089
8861 172
8893 5644
2327 2997
8951 2273
5915 4125
9584 6774
1190 4048
6493 850
2282 2938
5430 2681
6304 5174
5166 6709
1516 9455
1016 2538
137 9563
8523 4026
6670 5043
6032 2198
4466 5020
9378 8129
1057 9531
2918 5078
5733 9713
2612 1238
9867 9565
4660 1109
6246 5743
678 1735
2209 8553
5931 8890
7175 6241
9258 5255
7030 1314
8216 5290
3558 4425
8659 8796
2267 1958
4759 9384
1997 9997
4960 9427
8731 3576
383 6351
1679 6836
2524 3316
8644 1678
771 3171
6956 8357
8130 1307
2084 3380
3888 5637
8798 4515
3317 7421
3089 5496
5840 9240
2858 7418
6938 4355
3469 6022
7301 1372
8523 6906
2211 1102
2194 2806
5514 3443
2855 6164
1363 856
9539 36
2612 4076
676 2727
141 2203
8181 9982
4006 6335
3077 8245
2153 1650
3008 2309
4406 5008
4384 830
8265 2053
9876 8893
7319 2145
5800 6704
5767 7292
2208 865
8446 5398
2723 9887
9305 6625
3442 6655
9341 817
1768 1521
1910 9160
2776 6555
339 1821
3946 7804
1652 3557
9260 6315
3126 1670
2278 2015
6266 2989
5150 690
8676 530
7723 3404
4815 4416
5727 2825
4850 5571
6967 7107
432 5169
3402 9206
9853 3342
5624 5782
9199 3594
6926 5232
4974 380
4374 3646
4753 5752
6898 9398
7375 492
4155 4105
4299 5267
3100 8150
2114 4307
5615 8780
9570 4619
5708 4952
775 6210
6742 1648
9154 1932
8340 6640
5639 5764
3714 6783
6826 6012
1537 8969
9518 6093
6123 4437
8640 8490
7704 3580
6797 2945
5730 2352
4400 5655
6250 7037
2373 2525
4696 9447
2755 9956
827 7666
429 9617
3418 5935
1909 7476
3304 786
1552 621
6572 7965
6898 5130
2313 8435
1303 2172
4806 7971
5235 486
1247 2764
4816 216
1068 7530
6143 6222
2821 3462
7469 9776
2978 1245
8488 3412
5190 7096
6086 1549
6942 9852
6211 5047
2581 4350
6211 2479
3570 5870
8460 902
9071 719
3518 5253
7662 9244
8552 2785
9982 1053
5614 8878
5798 1900
2850 3810
644 5137
1126 3786
9393 1482
288 1285
961 5927
1230 3868
4695 1471
4378 2013
6250 99
4455 2310
9693 7176
1651 4735
9154 3270
2503 673
324 4098
1929 3122
1776 4943
2916 7984
1448 8378
8745 951
6774 7598
5992 3279
6641 8648
9680 240
217 2158
349 5129
9800 8559
7902 6920
3314 9165
5575 6182
6247 6617
7469 405
6991 7124
9497 4535
1785 7559
7640 953
1985 4763
4628 6499
6107 1776
4431 3385
3332 1247
1169 9066
7964 7556
3062 9375
8530 9338
4099 8564
5449 3715
5981 4838
3048 8427
7384 5740
5992 1040
4809 8076
6199 2069
1861 2644
5554 2796
243 9432
2127 365
24 3060
2493 9505
4984 9425
4873 8537
6951 3812
3440 9300
1563 9267
559 9035
7388 4717
6349 8943
7514 2619
2818 6863
5844 7756
8439 9817
3967 5053
8336 2388
3662 2156
6604 5246
8049 17
7998 8451
7207 508
7469 6183
6921 848
2647 1462
5378 1563
7076 6734
1466 1118
1741 8431
2182 9353
6839 5591
6558 9426
6993 1867
8106 5498
3390 2895
4779 1485
5231 3054
9965 9025
4906 6937
8376 88
9290 6469
306 4693
4681 8575
2683 5699
9894 6451
3794 1859
1422 9477
8808 5046
4036 4415
1063 4736
9174 1637
3736 3838
6856 8778
3729 9221
2707 2277
1412 1612
2439 9419
302 8648
3481 1693
5817 8781
4182 5949
2210 7377
9800 5868
509 3968
1046 1323
2069 8167
56 1482
80 4787
2047 4824
753 6454
9798 795
3855 6870
5945 9633
4172 8241
2327 3439
6977 1321
1881 1747
8257 7396
463 1342
4483 8404
2083 5855
340 7800
9750 3076
7238 5187
8807 4802
7336 7017
2112 5612
4008 8287
3049 7151
5706 2234
9160 5480
8810 8453
4932 5657
3463 6818
3468 2810
6451 3623
3690 9738
581 8716
1806 3444
3799 5272
8648 7828
8233 8680
5866 3974
7854 9713
2878 6061
4975 6372
876 8311
2514 2239
3691 482
5111 2241
5363 8700
2491 1863
3360 6375
667 5056
2182 3683
3149 1847
3044 4033
7437 3439
1848 4707
1939 8374
3788 3884
4963 1188
3512 5927
3271 7701
8378 9944
7020 346
5695 3983
5747 3681
4928 5948
1695 5781
7810 7042
6954 4979
1604 1694
5763 2065
173 3672
8519 6457
7773 6128
7618 8608
6729 6195
9827 6513
1016 5530
5633 4606
7718 58
7557 799
564 1876
5818 810
1730 6366
2634 3455
6120 5567
7996 8937
495 4883
3187 4862
9932 8393
6315 9242
4924 7263
8771 8298
3151 5319
2567 8580
3884 3918
7577 9259
6538 8044
1372 9859
3106 5408
2694 6673
9680 540
3582 981
5133 7010
3479 9145
6756 7043
1480 7167
7404 4508
1392 6014
6278 7309
4781 2456
4290 4835
2835 4259
7597 5677
2029 3856
7368 5304
8961 1671
5499 692
2142 8159
1980 7701
2044 2286
3500 4012
5826 3523
1638 837
1568 1812
2025 9902
5402 1651
5226 21
1401 2576
8355 3643
6381 3995
7455 4627
3127 1176
2103 8460
144 1966
5242 7396
5758 1384
265 5312
6068 3716
3669 1256
3828 8660
3951 738
793 2267
385 7207
8103 8583
2908 6593
251 4775
8618 6721
9176 8677
917 6011
9317 1257
1097 8936
3921 303
5309 5129
7713 7983
6000 8960
5749 9500
9762 9283
2010 6842
2184 1877
8411 7325
5792 8104
995 6597
4662 1185
2447 9400
2142 1658
1854 6844
8285 4689
391 449
193 5323
4899 474
6907 2558
6570 9158
9634 9
469 4540
6898 5161
4712 2028
6133 5568
3334 8124
1576 381
5633 3332
8092 9464
1836 3457
7227 7275
8491 845
5648 1103
6717 7171
1775 5241
1417 8343
8105 8039
714 7389
3796 3285
8285 7527
7407 868
1741 4371
4675 3198
27 9851
6033 6128
8128 1534
216 5575
1579 9036
7868 8338
711 9463
5260 952
1458 1165
1711 4882
3327 3980
8787 2473
2762 714
2640 1153
3202 6917
1074 8956
3818 787
8993 8919
4611 1453
3947 7257
9984 8041
2318 9547
4355 9443
9691 8604
7392 6648
1700 6369
1195 8198
1841 9818
9361 5393
7342 9403
5025 4484
203 9348
6682 459
1061 9181
2460 9768
3410 5941
4480 9909
5375 853
5836 8308
5795 8297
795 3910
3923 5744
4412 47
7378 9007
7954 2381
3124 233
6976 3149
863 2183
9553 9395
6234 5212
4096 1464
9867 7906
5457 8991
3941 3188
3778 5034
9805 761
2424 2494
5434 1815
2472 4561
6987 8961
3603 438
140 942
688 9768
3854 3049
4320 4374
2028 5617
1111 8856
330 7516
6153 7676
2850 4739
2011 6744
2727 9598
3666 3200
2534 4249
715 4493
1041 4925
3580 5857
5544 1661
6015 9255
2301 1852
2857 5710
8740 3003
9172 4590
3724 7583
4830 2594
9721 5276
9706 617
4041 6210
3316 8702
744 9188
6280 4276
7061 7486
4657 2008
7701 4126
7857 8624
2834 8818
6127 3579
7285 851
9959 4396
4860 6185
8875 2026
2587 8452
6017 3553
567 6540
3165 8713
1985 1741
395 5715
4114 8048
1484 2303
5118 2956
6062 6470
8181 561
2067 1131
3472 8879
8486 6831
5160 913
9619 2751
2654 5665
2486 6468
3900 4269
7254 6517
1731 8843
8339 1248
1689 7036
7481 6407
1430 2707
2299 3591
8746 8384
4875 6566
4182 1857
2267 3807
7737 6888
562 4322
1676 9159
9014 8768
486 1202
1222 5983
8838 503
1457 2174
1156 9458
179 4961
2243 1646
8486 9889
8102 101
3100 2280
2610 8202
5860 9448
8275 7493
4648 2874
3225 5936
3339 3241
2828 6307
6256 7099
1689 9200
4041 9965
1537 37
2662 1126
9133 3387
2242 8327
3459 9875
3723 6774
5192 690
4078 7652
5493 319
1672 1111
2091 935
4925 4648
2992 790
8730 6126
4370 6216
7500 2527
1488 7476
5723 2559
2717 9108
2817 5869
4975 686
9559 4729
2957 707
6766 8018
669 7046
2168 2389
399 1019
6185 8787
6187 1948
1091 4897
6693 782
8270 3045
3974 4492
7031 7625
2459 8077
1308 3150
459 4177
8056 8023
6991 8213
2113 6935
2986 1071
2740 2617
8661 4791
8641 2734
5876 5078
2384 2496
4193 4685
9789 4481
2881 2415
7647 3333
8988 9431
6420 6990
2176 117
578 1159
6706 1558
9138 3393
596 7515
657 5929
3297 7583
4108 6504
8385 888
4032 2288
1757 7780
1075 5170
2621 1935
6885 4187
3776 2936
3550 4820
8076 3267
4626 6947
4777 1352
7103 5788
4284 4929
5057 9263
4017 7451
9520 330
1659 2780
254 4352
5593 9207
2025 7811
2848 9446
4704 7795
1484 622
7581 80
7446 5377
5688 5640
5736 7732
2945 7395
3078 6999
5874 5345
794 2401
2056 7726
3377 9446
367 1389
5943 4108
4483 6986
7459 6911
5403 5065
1001 7994
8227 4215
3308 1506
314 2666
652 5167
164 1812
5040 4872
8458 9457
7949 8541
3506 5058
4400 3854
1425 9855
2665 1588
6567 579
269 6554
9784 1661
939 9066
5473 6735
8451 1207
8941 1225
6974 6261
9126 9123
1335 3628
6021 8847
8809 3554
4269 7349
6985 9703
5817 8784
6451 4042
8392 1175
2610 2303
4932 3193
3485 2395
2430 5874
6499 6022
1457 7807
8802 2267
3570 2236
9672 5617
7054 1896
2845 7045
9914 9704
2525 6181
3190 9250
7786 2118
2622 7626
9143 8000
2342 7316
8994 8744
6829 3368
2334 4648
7160 6269
1483 7832
7255 1319
8194 2193
3568 3576
6760 2068
8454 8624
1547 7564
1625 4463
6917 5491
5625 9664
4450 2818
8775 6598
4916 7242
5032 6573
117 3126
9347 635
5969 9323
5910 6886
8920 5323
5053 2467
3402 257
6162 895
4080 7909
5596 6923
4871 1436
930 8097
2267 7
4633 941
1933 876
3322 6897
3299 1877
364 7615
3803 9025
6011 1
7880 3146
3714 5045
7571 1365
8525 405
2930 2957
6353 856
1577 362
889 4138
3289 6885
3749 3274
191 1816
7023 6625
8211 9543
1512 81
5493 2947
530 9001
7180 106
6985 2001
2033 3385
9493 4438
4866 8843
7473 6695
1974 176
928 5006
3492 3728
7022 1856
4218 2511
595 2919
6962 1664
5308 5686
4040 9135
5686 8476
6628 7655
2819 4246
7570 2538
6074 307
1608 1166
2351 7413
1209 8227
3691 5013
5175 7239
1456 6891
8431 2509
7801 3163
2258 8776
9404 7057
9493 5691
6094 7339
4433 903
766 1719
6736 7654
3618 4341
3816 229
7641 4065
6858 1823
6577 6875
1537 3248
5965 3504
6640 1585
8814 9622
2478 2283
2711 9653
7087 1302
7551 724
3098 104
2115 9585
2224 7798
1974 9722
6777 313
6255 1866
3676 2915
9090 5915
800 6784
8283 3271
9022 8283
6085 5869
9610 5743
2429 8548
6270 4985
4379 6965
3435 1700
3560 8304
778 4823
6304 2582
1454 2215
9187 720
4796 6649
9403 6437
3657 1084
8752 8002
282 5440
9799 9565
6718 4284
9359 2143
6208 8314
8559 2275
3718 9483
4332 1239
6130 8105
5679 2719
9118 9016
3057 7139
8960 5137
521 4198
7268 3586
8219 6103
7705 5620
2612 1090
5476 6182
3335 4043
5464 4452
3533 203
8797 218
9422 337
1434 2584
3852 8722
2883 488
8539 3871
7092 4514
9212 8798
379 376
6832 2141
3005 7396
5071 1130
4377 494
4118 9406
4713 8543
5738 1914
6790 94
4788 5446
8764 4933
7147 7111
5834 9248
2580 991
8059 4760
2867 2377
1757 7208
1924 5613
6663 751
6611 7526
1098 7522
4940 7425
5385 3886
2023 572
7123 3309
3283 8198
6108 2801
7368 2040
9694 253
7752 7844
202 4042
7084 417
2745 2714
4691 1203
5481 7765
652 1871
9828 4905
6224 1639
3253 2194
9602 2427
6586 8613
2346 6950
1266 5666
6853 8499
6925 2120
1064 5182
7581 1518
1763 6604
2321 3480
2521 6390
5815 4087
3154 9842
8090 4793
1159 5340
8768 1903
3838 7190
4818 5093
5006 8226
1447 3973
5274 3324
2955 7942
8385 2248
8749 1422
6957 7860
6415 8405
684 5319
1208 3054
2356 1494
7624 5191
6734 5920
554 7093
3480 3661
9385 2150
9580 824
18 4698
7969 441
6113 8605
4562 8514
5043 9329
6976 7274
6862 6429
2083 9785
999 750
1296 3276
159 8157
8001 1801
2919 6521
5460 7748
3830 5853
6126 3196
4549 7649
6185 6810
8321 5344
213 9822
8476 3915
236 5445
1318 9292
1008 4324
5768 7104
3800 9264
5329 1995
6644 3752
6773 9246
5387 8737
8115 70
397 3217
8604 1593
7532 2282
7582 6863
6183 8929
4270 2716
8400 959
8079 3493
1389 2191
1508 2902
1389 1488
3736 1997
9146 6470
5394 6417
3099 6223
2507 6726
6951 8942
5953 6550
9494 387
5544 6921
1156 7009
4392 3654
4674 3037
210 7472
2586 6307
7378 7912
6642 168
4915 7451
3925 7709
3482 4577
816 3001
3597 8134
4031 755
7479 4558
2838 5654
4161 9928
3088 8306
6141 7525
5191 2324
9909 4983
6749 8892
6470 5755
4395 8380
6131 3924
5284 2254
3172 4055
4429 2610
4893 1301
5613 436
1629 5943
9203 7597
1301 4174
5475 3575
8155 9520
7533 8687
4472 2079
7553 1924
9968 9949
6270 6980
2183 9491
5435 4107
3534 3912
5421 8351
6987 9481
1687 1316
5111 8415
9085 2271
8628 9506
2070 9133
2233 5753
8233 7208
1936 5087
2727 1148
2406 3088
1478 6554
2927 1290
3755 5795
4820 6040
2929 5425
8522 825
1717 9906
879 9831
6121 7306
1911 734
9699 9065
8762 3054
6201 7603
5182 4574
7058 8382
462 1877
2279 5239
193 3058
2652 3050
6856 7766
6371 369
7884 907
7482 1127
2928 6125
2604 1341
3901 2172
5947 6970
2374 4407
2038 2596
1288 1217
4237 6009
7790 8242
3010 6123
6694 3910
950 6765
3570 7432
7605 8982
5021 5637
1820 9219
2260 6682
3077 260
3960 2353
8609 89
4272 306
5659 7872
4675 1935
2370 2162
75 4401
6113 448
1597 2130
3883 4323
8961 9358
5520 9544
8639 2316
5900 1410
9619 1651
2618 7821
7242 5567
9374 1572
2789 7870
5732 2934
6134 5531
8014 7874
85 5755
1589 4994
319 1191
7795 2286
4978 9381
9582 8739
7979 8840
1712 785
280 9825
6509 3255
5866 5848
8322 8032
5531 1817
7880 7220
9378 4225
500 2191
8750 3504
707 3211
9122 2601
572 5841
5480 6617
1644 6172
1410 2492
9457 4561
9880 895
4607 4389
1685 9241
3464 7775
6003 7546
7998 1925
4849 5407
8629 5475
4439 9927
3379 4493
6148 758
1189 7182
138 1392
9568 4538
905 8524
4029 3717
2331 4541
6403 7415
2044 2979
442 1303
7109 6848
3947 1143
281 8221
4347 3200
1506 3498
8531 698
9729 6444
7848 4561
8220 7474
506 8462
7979 5137
489 7854
6013 8321
8347 9893
5252 1319
6315 7525
3779 8935
7547 8038
4429 2989
8121 9156
6458 2375
5178 1639
8145 2666
3773 8819
3801 9517
3246 9469
4104 1890
163 5811
6737 4991
2942 2902
3916 1990
3765 286
5697 9242
935 8676
1246 237
8543 3700
9192 160
4618 1353
5896 3361
7296 5016
5651 207
4599 5020
9700 223
146 987
9000 8959
2536 9610
4997 9076
3362 9950
4427 9345
9395 9205
7041 22
7877 1249
665 8715
7332 6771
2898 8465
3903 5314
6236 3633
5437 5874
5771 1282
8840 1804
794 7435
4199 8308
2090 1539
4845 2138
4885 6775
8502 9954
5550 6975
6652 8685
5689 7623
6836 2831
1738 6270
6781 5993
354 5401
5869 216
1073 2711
6121 1997
5392 7841
1643 635
4318 899
1838 2941
700 1216
3245 9163
6287 7150
7598 1598
4081 3208
6094 3035
928 3606
1019 8905
1117 3601
4499 2018
7271 5955
120 4441
8166 3710
9825 3857
1780 768
5155 5607
6243 4924
5035 4272
4792 5076
9984 664
4533 6715
7868 8486
1349 9753
6610 8329
873 7514
9960 1326
4487 2766
3948 5969
5078 6134
6812 5307
7634 9346
6681 1323
1669 3418
386 2770
7094 5604
4491 5640
9570 1522
2762 5073
2310 592
6257 8116
1441 1818
1910 1326
4209 9499
6065 1491
7805 8405
5448 3298
7020 9384
3851 8951
5238 1491
2489 1385
5323 9231
4402 3007
4848 5578
5778 8628
4576 6370
7591 2086
5506 4947
5535 5020
6514 5006
3019 746
5618 5758
3014 7003
1775 4143
1204 3798
5320 5774
3212 4490
2142 7206
387 9080
6501 6314
4979 1269
7908 3362
7674 987
2077 5187
3088 5808
8560 9205
7462 5473
9554 7097
1633 647
699 274
3390 3019
907 6356
3452 5146
2361 6345
828 1452
5447 9521
7255 1768
6932 1441
4429 6873
9257 5143
5831 5676
263 5384
1865 6815
1832 5602
3168 8955
4284 3911
9264 4710
3290 5613
6589 6223
9578 8247
6808 8147
6550 5391
9464 2704
5658 498
1394 4429
2261 5168
751 9564
5317 6004
524 1725
8793 3863
3555 5624
6391 1570
2823 1198
4588 5750
5829 9880
3244 5222
3247 7828
5869 7267
1430 7674
4131 3772
9694 8915
7617 9248
2386 6254
5575 5950
5389 4377
7211 9330
4044 2183
3625 1471
9234 1542
3194 4627
223 6840
4288 3296
9192 3220
5965 1668
8143 6282
8555 7687
6299 6706
5312 8461
659 8842
5969 5878
3023 9565
3395 5590
7678 9803
8886 2777
7649 5150
5153 8382
9609 891
20 9985
756 4131
3229 5539
4648 1767
2735 7802
4624 6040
6816 1536
4319 1685
6347 6404
8939 6837
808 105
5895 1859
1317 8878
9999 8067
9415 5936
8398 1128
2116 9334
9000 4872
588 7743
8893 323
3155 8587
8177 8003
6096 2394
3100 7302
1790 2572
2414 4767
3128 8154
5858 5218
553 4862
5445 2128
4272 1233
3791 9141
5391 8399
2309 9745
2644 1956
2585 1297
190 6871
3093 3425
957 9019
3382 8115
8946 1251
6620 8799
169 8714
9643 9138
2745 5913
841 4123
5921 3285
7317 8088
8429 8130
9909 9538
7170 78
4765 2540
8064 6553
513 7743
8925 6377
1588 1773
2553 4974
2025 5511
2745 4312
2106 5545
2694 6497
3769 5603
6937 8190
2254 6049
3521 6462
3676 3703
8493 3267
2125 1802
2297 5671
1463 3639
6021 1252
7162 6123
5359 2138
1391 9840
1283 6289
3656 3638
7476 8213
1637 731
66 2460
6194 4909
7395 9272
7108 1061
5301 7631
239 6617
7558 8701
2718 424
6936 3434
6487 5353
6721 1042
5184 8763
472 8545
5044 902
8144 35
1069 7935
7419 4209
1095 7800
5839 3508
1868 4061
7504 1739
4034 9248
90 4338
2660 1765
2946 3237
3362 225
419 6415
9524 7148
3399 6557
4847 5350
8060 6765
4185 4975
260 4747
9917 8468
9500 5421
4115 5298
1628 520
9 1627
9306 4883
2644 3927
1151 3849
3780 1533
5617 3388
9783 1692
8513 4489
9606 2042
5174 644
3292 6174
7106 1443
2699 8440
8078 983
1503 6128
9155 871
2238 401
4965 2789
4644 1902
6148 4705
274 9360
1301 2756
5563 618
5136 5941
4566 6871
7857 1570
6665 4937
3469 4712
7713 9016
3294 789
8187 6357
3384 678
4015 9266
9241 4866
7692 2819
5298 5203
460 8319
8208 7943
9696 6930
8855 9807
8788 4395
2186 4754
9265 7900
7935 7140
5272 1578
1813 9815
9576 5758
3988 211
5773 4551
3839 5814
1295 771
6800 5771
2216 1121
8147 5135
4893 2678
8311 7743
9661 4800
7059 8631
3338 2959
6609 5666
2928 6684
4184 5118
3117 8301
5089 6268
4180 899
385 6111
4666 7320
8464 2954
1160 230
3873 9712
79 1065
9387 9748
2409 3719
6771 297
9322 8651
727 443
2298 6166
3489 1429
6862 9284
4939 6665
3579 7553
6255 67
1328 9444
2245 4191
9375 3713
8505 7903
7186 7815
2225 969
1917 9265
4912 2301
9663 8215
6007 2788
9771 5874
5041 6841
2563 4046
7019 4228
2054 6639
5308 4451
3639 8896
5156 3001
6987 410
7484 1363
6029 6283
4544 5541
3207 9826
4823 5798
6273 2765
5942 2238
511 5175
1263 994
6094 6592
3895 5730
3414 994
7065 426
3131 8965
603 9375
2344 3049
2583 3540
2669 1396
4818 4614
9690 5019
7600 9844
103 2196
149 5856
8462 4655
7623 2498
5154 2488
7895 2312
5387 9586
9567 469
9273 3552
4231 7688
1079 894
9443 5710
4121 386
3498 3647
102 9316
7283 9962
1590 5909
7210 3421
7307 866
652 9706
6294 782
8383 8020
2934 6657
5942 3906
7439 9247
3321 9357
2819 1242
1719 631
4121 9588
1455 8364
1698 2254
908 7540
4773 9307
1575 2040
1882 3285
4639 3280
8533 1229
5127 1378
7315 2599
3672 1078
8590 7370
5412 9214
724 6689
8231 4715
8765 1884
8338 7213
6452 5557
9301 5023
3149 9142
769 3748
35 784
4905 103
7496 2378
6804 8394
9050 8399
4451 3867
1574 1869
4338 4333
8131 5914
2427 508
9971 335
3289 8892
8704 1890
9924 2618
2738 2116
3459 3769
5137 6997
2638 177
7768 918
4737 3357
918 8605
8888 5927
9900 3346
4573 639
4872 1052
9258 6670
1824 3452
7954 5579
4673 3247
3178 3942
2207 3619
607 6329
6685 2716
7626 7320
6928 8618
2193 5136
923 6177
3139 9764
4610 9964
2393 4418
7297 7043
8616 1511
4964 3193
3569 6400
6318 8231
6796 2156
4229 8658
2523 9127
4273 5417
4486 891
29 9570
3640 7723
4414 2674
6216 1086
6028 5198
6909 917
4132 6014
1559 1484
8510 4361
9638 2394
1557 5685
4713 8001
9511 1480
3526 9902
5255 9940
6158 1984
5760 7895
2288 5871
8561 6787
4045 4394
6502 5152
7282 7310
2211 6971
4561 4021
7011 7264
9055 6161
581 6812
6823 5868
5491 8420
703 682
9052 3646
3755 7654
3636 3237
3763 9431
3185 9850
724 2566
3023 2508
5800 4644
561 2180
4358 3801
5828 8295
2319 9081
4824 9024
3808 4937
9209 7862
1745 9053
6462 5763
78 2047
5138 5500
7861 8235
1826 3653
2160 7616
6521 7960
9759 5887
710 1084
7729 4800
3774 1695
3544 6902
4004 3085
1613 9519
8038 4495
3782 3655
5150 7115
5609 7953
2764 2803
2214 7733
2699 814
2265 7076
5942 6042
4207 7011
4910 1390
6479 5697
4122 7321
9829 262
6328 3330
4366 5996
7883 8532
903 596
7526 9535
4741 8967
1505 8598
2099 8904
7736 3452
7173 9894
7430 7550
55 3074
1605 4546
567 1526
5439 5939
4650 6471
4336 7762
722 2730
9132 6336
1951 4557
1752 5762
5444 3739
9623 7650
3937 2526
9520 2261
8765 6266
3445 9606
1783 6402
1105 5869
3443 1648
6766 8623
3598 5539
811 8266
7384 6355
4900 5108
7226 2497
1967 6826
1918 7970
7504 4403
4662 7650
5433 2617
9345 1638
2210 9042
9157 6158
7156 3846
1760 6818
256 1171
3704 7642
3316 502
9751 8
5423 2477
1933 2326
16 8717
7382 982
4132 2197
8068 231
4792 2819
9215 5405
5886 1067
5022 7930
3448 7293
1445 7553
6794 1641
12 9663
2993 2768
4731 3347
3940 6239
4790 7143
5168 9626
8423 8951
8127 3889
971 6094
9819 8834
7978 3015
9113 9308
4141 7148
1934 5728
6369 3666
8962 2018
1175 3356
324 7405
7160 5166
6587 2522
1846 6403
134 5773
1079 7322
7501 7744
3798 3609
1730 1336
308 3703
8040 1914
4682 8271
5456 5456
5157 1405
3817 8514
2687 8220
9604 8871
6829 5800
4773 7048
2906 3705
7364 5648
8966 7532
4035 6997
2638 1711
406 5801
1881 619
8130 3399
777 543
8910 8485
5650 5118
9833 1156
8636 3790
4194 4754
6910 9417
9360 5659
5320 4440
204 3712
5754 1485
9654 1396
1057 7652
9637 4158
9374 9976
8605 1882
4843 8296
6501 455
8487 8405
2664 1486
4234 9542
4423 3677
6185 3300
4038 3964
8754 6383
6467 7227
3554 5600
4801 9506
968 8671
8658 7795
7828 9138
8845 1375
5580 7895
7398 7689
2562 947
2120 1120
668 1068
4854 9909
3570 2045
2776 4365
6620 7963
7604 8431
2326 8912
8302 9704
48 3911
3239 7371
5079 717
631 6288
1436 6831
421 4200
5768 7211
5668 858
4357 4506
1857 923
8651 9618
4647 7716
1780 5331
4351 3965
6188 915
9296 9875
2049 5811
9570 3987
1693 4081
1973 6441
4762 5066
9990 3953
5642 9895
2871 7695
2018 9893
402 3050
204 3861
8391 2570
8198 267
7252 7315
2841 9949
2423 5347
7664 7525
4199 7360
8301 1654
4331 1969
1353 7955
8728 8046
7098 9667
6032 9613
6741 1589
8609 5417
2578 5951
7137 5697
8677 3242
926 5956
9903 8400
8406 1172
8587 1339
2530 136
4068 7385
2574 8249
3714 9481
209 8707
5068 276
6666 601
1493 3192
2480 2946
9790 2283
7859 8382
7351 4566
5118 4440
228 555
1764 1450
5153 7632
2635 8085
2164 4798
8586 1929
3088 1407
9077 4798
7275 6333
5437 2636
24 9542
8938 7648
1508 7114
5736 4868
8826 3497
93 1559
5518 354
991 6895
3212 8954
2360 1487
2069 8008
4724 844
6650 340
1005 9888
2483 1117
773 2110
8795 5260
3946 5717
7795 7723
80 9589
1076 3260
1660 598
4048 223
8406 9092
3186 8132
144 6684
6777 2855
2698 2852
3169 6189
861 5508
4358 5344
6484 7295
8841 3684
8370 3174
9827 9029
9347 8991
1516 4218
4061 9663
907 3886
4841 3966
1543 9277
8361 4135
8246 7206
7576 675
3153 1365
1498 1439
1332 1836
5873 2513
978 7219
9164 567
3669 1458
3047 2225
8598 6003
3498 2167
9657 6337
4887 7516
8409 8493
7545 7869
3526 4285
9874 5637
2665 4181
3380 1015
7480 2734
7742 9876
5597 1715
9210 4195
3055 9295
7169 9450
7769 6127
5030 6565
9991 5305
133 767
9794 280
6963 2878
9199 3791
8351 2303
8501 2659
9074 2809
9840 1206
3006 581
1332 8658
6282 9595
5361 5206
3072 7977
9166 5398
2244 4652
3414 5115
5057 4432
7352 5034
8130 786
6214 688
5266 7655
4490 437
6580 5882
9971 8603
1055 729
8839 9299
2902 763
4751 8237
9723 5918
9994 2536
4049 1547
2223 2387
4375 7643
6242 7590
3174 3567
310 5187
3290 9403
9782 2760
9009 7109
1387 7119
7594 5659
3355 3620
8095 1051
9308 3279
4437 3515
1785 6187
2365 3652
865 9328
8714 2703
5467 8619
3395 3701
2598 6559
8881 5975
2025 5750
2102 2800
7120 5124
2479 378
114 7347
3938 2370
790 2005
6491 8412
8106 6591
2007 9149
3239 8052
1024 1389
2518 3844
5533 1721
4759 3811
717 4093
8230 6682
4327 3269
94 3038
944 607
2326 1406
9627 1020
9940 4988
3839 2019
162 7267
4177 357
8166 9247
1929 2199
4149 8815
7037 2930
860 3262
5473 5857
6231 5050
3581 9074
9666 9395
1819 1778
1502 1950
5641 8015
4461 6759
3124 181
7430 5451
7851 1440
158 8990
1800 7605
6686 2760
67 3987
602 435
4193 5041
1405 4767
5209 3132
1519 7993
8698 5815
4223 5865
6103 9957
3300 4747
225 6269
9625 9654
9621 4221
8723 3787
4505 9495
9606 7283
1867 6081
3224 9364
9637 2154
5802 3614
2280 9574
1183 3943
4355 5691
3355 6093
8409 3233
2680 1070
5188 3090
4386 1992
9082 8965
6491 8267
5602 9484
6489 2055
8903 4681
681 6516
5325 9194
7118 6140
2675 8924
5009 885
2051 6073
7372 2895
2427 4219
5670 6424
2514 7612
4220 1382
457 6800
7264 9439
5976 3766
5682 2326
1243 656
3710 4594
4427 6525
6883 4503
7499 3979
1939 7173
8714 6610
9013 3175
4032 5471
6137 3689
7992 4525
1243 2381
2759 1809
5097 4257
841 8858
8025 3069
2705 7745
1950 9912
3861 3143
1543 5110
6639 5980
5502 8408
2799 1260
2462 3588
5979 2154
8633 7295
9552 4081
9044 3961
4178 1755
4846 5491
720 8034
1963 9432
5795 6075
2181 7196
8926 5622
348 2550
2139 4540
7729 1983
5030 6573
6233 9349
3345 123
939 8358
4990 8143
5627 7064
4110 2598
1975 746
2354 9870
8807 5245
5859 5719
5647 8462
3895 5187
1454 214
4205 5790
9773 8865
1182 5133
2243 2932
9386 6278
576 3435
9329 5941
7960 9086
7929 1217
5569 9007
1125 1581
5500 8406
7720 6887
5910 1484
5577 7253
663 9586
3040 787
6878 1838
2204 8065
6934 4633
9570 3473
6085 9998
9094 2172
8230 8612
2719 623
7751 2636
1511 6431
8737 2652
5370 7400
5510 7513
3630 337
4346 4883
9027 6132
607 4480
1687 2103
4346 8397
6273 567
759 1804
2442 2448
9674 1299
3948 9713
7420 5631
3261 9779
1150 1621
9087 2017
6893 4280
2303 1593
1164 4464
222 6793
864 9084
8147 3594
8518 8265
5319 1017
4764 8040
9752 9463
4519 2583
6504 3612
6190 9631
4928 4638
6670 1347
5083 2961
8369 2008
7580 9115
7055 6150
2530 225
680 6467
6712 9691
9269 1271
2626 2535
4139 6527
5250 1877
5248 5462
4825 8673
7474 5998
5105 6553
6663 3671
7510 9292
4277 6352
2907 7840
3091 9780
7649 2416
6345 2117
2353 9289
6107 212
2693 2931
7371 1558
4620 4238
412 8281
7727 1971
1197 7140
5367 771
8896 1158
6347 2835
6185 4318
2770 3703
9602 9499
6980 7353
6076 9855
8707 2437
5994 8520
6255 4996
7592 4146
3771 1267
9331 1603
4016 2117
5219 2653
1216 1934
7624 1896
9096 5663
4694 3651
5745 4215
6275 4712
8143 336
7242 1089
1637 6350
4561 1911
9764 9160
9396 7038
8836 8639
1138 8517
2499 2653
2033 6106
4637 7021
6097 480
7675 1583
9016 2141
3640 6498
7595 1033
6054 1535
5158 94
6909 2348
1197 2659
6141 7316
9351 5791
5328 5789
627 6791
5852 6705
6214 1758
6219 5533
9632 9259
5429 560
6457 7276
6109 8531
1419 8844
2323 5715
93 1402
152 3760
4632 2614
9412 8990
2087 5476
999 2139
1746 9224
7948 8373
8359 8206
3788 7186
6776 7360
9960 7571
408 3117
7412 2656
1150 4259
1632 636
4462 9338
9462 4483
3950 6787
765 4884
167 9209
9270 4717
7692 1679
746 6860
4627 410
1543 8452
5117 6238
9620 9111
9582 4865
9013 597
5872 4084
5586 7645
4261 2539
2258 1189
5721 2164
3271 1306
9944 5820
3537 2274
5575 3682
4895 5146
7000 9439
2537 8353
8195 4867
9745 2315
5184 3367
6923 2474
9322 5508
4151 9653
4351 2748
1007 5716
6311 9282
9402 2023
1540 5368
396 1259
4841 9015
3181 4706
295 2206
7745 7701
8 2644
8778 7460
7988 4388
2755 6726
7802 7160
9446 1644
9667 7606
796 9365
7568 9748
9406 2957
4421 2329
1089 530
3743 6792
4486 9551
1317 9590
2141 2860
8986 4443
9811 7053
1080 6200
9076 6480
4210 8579
6338 5564
1723 1028
3106 7041
6849 3839
512 8156
3861 500
976 1406
5900 7986
7526 5032
4374 3112
8938 7988
9247 649
6221 565
9032 3227
4225 6744
9116 3986
2328 1473
5275 6814
8833 8723
6909 985
4263 3777
8592 6653
303 1790
944 6424
5367 2273
1039 9727
6217 732
9822 9123
5298 9416
6519 8495
8441 6616
951 8973
7644 8146
9720 5763
6819 9789
5663 2511
3259 3551
1084 8152
9925 5640
8228 2089
4264 8440
5222 866
5429 7327
3043 2959
7572 403
1602 2556
8928 6058
3578 3966
563 157
4354 2043
4563 7029
839 2207
8667 4925
1884 4518
6523 5156
1215 2520
9305 7517
6926 3831
7177 235
568 1864
5830 9766
6150 6734
1641 6308
8661 9321
2755 4582
343 8212
56 4772
1555 873
9320 8204
2942 5614
4395 9747
2818 3869
967 8583
393 4896
5452 8651
6345 9729
9922 7387
3843 5633
1535 4017
2983 1325
399 6803
8534 928
3434 8462
1371 2364
4963 9921
9256 1184
685 2334
4417 157
7602 8546
2348 5696
9805 3634
5447 3411
3793 8769
1443 7804
4842 5099
8452 5924
2437 2583
2253 2192
8948 2664
9617 1882
4407 8871
5483 1809
5276 1975
6258 3320
2224 8678
2842 7875
7626 1519
8194 9485
3583 2149
8986 1702
9991 4512
8071 955
7269 1497
684 2005
656 7610
7397 4782
7773 6965
3786 5216
6665 2770
521 2341
7968 399
7251 8044
9365 1617
1351 1272
4610 9272
2790 7628
4127 6329
8243 5666
8284 1133
1450 635
4076 9068
1670 9977
845 2590
4063 9873
433 7884
9871 45
7753 1583
3686 6603
2937 8932
9059 6454
9713 4925
4427 4412
4235 6768
6448 5964
1587 1427
6360 1946
9187 5768
9554 6435
1146 4437
3411 7398
7474 8456
4009 819
1979 2254
3587 783
7178 9106
1056 1068
1895 274
7679 6518
4018 1861
9296 809
2986 9070
9290 7486
5732 3334
6823 5554
6489 4377
1137 7836
1248 2754
4860 4248
811 2738
509 69
1231 6167
8098 252
6384 5792
3037 1649
1008 3231
371 111
2357 403
180 3922
7386 9852
6454 6835
9264 2873
1096 2230
5055 5265
3712 7173
9055 3989
1376 948
7748 3616
5615 9885
2936 6079
7082 2026
9608 653
6807 791
6461 2373
2957 8176
1595 2614
8764 2852
5442 1102
8412 4875
6159 6952
9399 8637
7568 1101
2715 2845
4310 7969
3725 9837
1286 107
7116 8799
716 2176
2502 2925
9985 9308
3052 428
1717 2782
1058 1298
7933 6506
3604 4002
1925 3844
6718 129
6119 7273
9866 2300
9405 489
6418 8135
7395 2389
8376 2312
9040 9635
2166 7937
815 9960
1853 2323
3488 6399
9745 3862
458 7187
4297 8241
2551 6022
524 1277
1373 1447
243 6180
7568 2513
9357 2241
2997 8451
4492 2268
3072 9781
2233 3364
8976 9636
1649 9352
1859 659
2782 4461
1911 4032
5077 5927
976 8216
2138 9226
1039 1275
1298 1692
373 9923
1299 4125
6351 9726
7609 3986
8722 8527
477 391
1064 9747
3511 3755
2449 1905
8192 6311
8334 1127
6678 1772
6533 411
6753 5706
6382 2384
8363 3511
2756 9178
1632 2920
9438 8685
2943 8056
3939 5179
4805 864
1428 4870
1184 7821
1527 9537
1850 3094
2362 7753
4560 2456
2492 5572
1576 1306
9386 4401
7000 5584
937 9430
7917 8806
5057 4949
9143 7146
1226 5738
8359 7470
9995 2989
8278 5579
1052 1415
7066 3463
9600 1908
7167 6444
1677 53
6701 2581
2497 9634
5539 1844
1145 5228
8170 5202
2430 2941
2046 6106
4400 1218
184 9721
5807 136
1288 8629
3011 3826
8808 3718
1303 5092
7612 1681
2312 9853
3969 8318
7802 7056
7353 27
4927 9481
6454 6281
1112 2649
5897 2530
9581 9508
8451 1055
9525 6715
9385 2734
5839 4018
8277 70
3623 5857
2543 1556
5247 6571
722 3020
8230 3810
5923 7105
8052 7972
5732 681
1919 9712
5443 5377
3933 7899
483 3389
9502 5780
3434 5801
236 7406
3300 232
7648 5673
1763 4518
6141 1649
5167 7265
6662 4134
5105 566
6632 8503
3230 2940
596 3134
1898 3639
7400 1980
6862 2692
7514 7812
2314 7860
4388 6118
6138 1485
3497 8962
6917 4379
3846 5043
6890 5925
4693 64
4823 523
5918 8157
7767 5924
4653 5818
2788 1475
6248 8219
929 4959
9158 3256
9854 571
5382 6671
8014 2937
8935 8654
583 6776
37 7870
9842 7364
5694 6993
5575 9431
7904 5472
8033 1021
2687 6507
1786 4493
8721 8589
1138 7813
5607 5873
8939 4378
1056 105
7296 5410
9791 9613
1558 8494
4370 9097
7337 7399
8966 7013
8227 6741
442 9455
7630 6669
3218 1324
356 2243
601 5609
4730 1972
8011 8052
9335 7064
2282 7309
8680 3855
8181 9797
101 9402
7529 4116
8009 6317
8700 7693
6955 6606
3140 1558
1552 6917
9572 5540
587 5026
3711 804
333 3915
9239 3058
6136 4009
9080 426
5571 6675
3036 8868
7876 5256
9610 916
8112 1116
1651 435
5402 4195
8868 7074
2221 3071
1741 2555
2779 455
942 8102
3862 5390
1185 6035
6484 5007
5574 3366
5064 5315
7948 3195
6005 2536
7692 6386
2629 5864
7948 1002
1302 2067
7524 9860
6690 8479
1594 9192
1208 2904
9426 6508
1035 7591
8754 9064
2107 6444
9707 9212
2163 4549
3421 7212
1618 5887
3923 7677
6601 8826
798 4855
3502 8495
9867 8917
2269 942
1518 934
7112 2455
7767 255
3753 7592
2726 7597
1475 9169
185 5082
1466 9712
9893 2291
868 5473
1560 3006
8487 2229
7353 5588
7113 7615
3346 5068
1841 786
5389 8488
4596 2426
4429 1980
38 9358
2761 3912
9504 9373
6981 4963
5718 4730
959 306
1079 5717
9986 7394
6431 3695
7880 7131
3130 8511
4791 2446
5445 8924
5689 9850
187 2353
2044 9330
6415 3828
71 1969
9501 7718
6420 4089
2480 1109
2551 7305
5362 2012
8935 6443
8600 9131
4985 7229
4796 7177
5173 113
4523 1175
1708 5529
4323 4792
2123 1582
2427 5543
4789 8355
4366 8784
5376 2900
1407 7830
4873 1071
6277 8899
9035 1356
4716 7484
4726 5663
5750 8246
4335 7034
1719 3318
440 9864
4465 2552
9180 5166
5575 6028
9354 9882
5187 2277
572 6803
9001 7153
138 4829
3457 4545
4667 2931
8608 8810
5183 2870
291 6033
2885 5493
8785 9868
7053 8138
5930 9058
6417 8089
9794 4901
5015 5795
5919 279
9986 5584
4491 9300
3015 1322
770 3233
6904 1384
7642 9687
5511 1810
4960 439
5931 2394
5938 8763
651 8373
2486 8172
7397 1181
5292 5605
4624 5483
2026 9997
4862 984
3967 9772
5919 1298
3932 7098
2082 3989
5486 4292
5722 2890
2677 20
7145 1552
616 7353
2822 8350
9935 8233
1683 2192
2575 9632
2060 8595
7917 723
3061 1784
8893 8538
1750 9790
7250 4647
1404 4086
8848 1858
3338 6914
3532 2798
8035 7938
3115 2266
3339 5409
4648 6037
6898 4289
4126 619
8502 5342
6245 6801
8305 4459
956 2369
6371 9470
13 2059
1903 4192
7256 1475
9531 1314
9676 3834
9027 4777
323 8756
5556 3744
3489 7945
6144 3747
8021 8719
8591 6759
3826 6574
4059 6017
5973 3346
4399 1056
8291 3666
7130 6400
5818 1079
2267 9475
9682 151
7907 4969
195 2073
6684 2716
478 490
1377 1049
5297 4180
8337 595
9113 6153
3783 3307
9085 7953
4656 463
5526 3746
5589 8529
4271 4161
3198 3010
2318 1382
3080 7650
3342 8806
4375 4196
8192 2615
4331 2226
9273 4806
4432 2259
8010 1489
3026 3921
4486 7029
3784 5605
252 3953
6640 1455
7360 8948
4273 9053
7851 1614
9290 7200
9918 6577
3140 9389
3688 6436
8091 8693
1726 7563
2606 2701
2512 1696
2670 5352
6549 3546
6275 8942
6291 6168
1825 4140
6457 8592
7015 5363
2842 3726
7702 4401
1274 5549
7159 6792
3034 6123
9739 8243
8075 9589
7509 2736
476 4731
3646 5698
8324 6070
4005 9263
7589 7387
9172 9330
9775 9772
92 4562
4271 6598
2823 7391
9478 5523
5949 8621
2547 8675
7005 4429
3370 8652
2780 8094
9689 2951
5480 8059
9690 3204
3085 7078
4504 5441
4375 8050
7247 4810
8724 32
3742 3206
770 7135
106 7472
9963 8710
4379 7663
5701 500
1594 3597
1285 707
5799 3654
2447 330
6336 6125
4913 8165
4189 1240
1751 555
4610 4087
926 814
4356 9441
912 6825
5611 6971
279 395
3256 5265
5553 50
7338 6352
1405 169
8063 334
2220 970
3066 9841
3392 3871
4478 1135
5169 2523
8828 6046
6695 6391
3041 6225
3771 3571
1221 9236
4347 4772
6913 3276
9135 5141
3522 2310
6045 1487
5797 4495
7482 6165
8079 5250
8006 5350
9721 5694
4143 4991
48 4301
2875 2316
5617 1205
8866 5813
399 7830
2823 5150
2844 4399
7086 6443
9439 9232
6150 7595
2017 2921
3852 447
6073 8320
8159 2849
4455 9490
2571 897
9634 2718
1845 8745
3619 4866
5208 1704
6872 2228
2265 6185
3415 7607
4699 1265
1587 2826
8214 3516
8635 5594
3102 4432
9728 990
1374 781
6777 2280
2914 6889
4132 3510
975 4504
2769 8688
1855 4285
890 9694
5963 8598
2862 382
6295 7632
8520 7062
4086 1148
6626 3318
856 2112
7255 3728
4525 7432
6506 7349
8139 7387
2246 5063
387 7984
1930 3293
6297 1313
2405 9162
132 9169
9201 8864
7575 15
1620 8876
6703 3597
2440 6321
1574 8262
4178 9778
8303 4543
7844 6657
4572 7782
7377 1462
262 3735
6322 7773
5521 7271
5223 6618
1332 8257
6310 7024
8905 5382
9703 3447
5746 1817
2424 4439
4719 4660
6516 5449
2706 8425
1171 5842
9424 8497
7044 1884
4280 7268
4950 7631
6519 5556
2761 3171
8682 2090
8091 1110
6034 2231
9466 2406
8646 457
6253 2590
7542 7925
3459 7265
3196 922
2753 8883
2277 2809
8348 5660
7235 2679
1567 8479
7303 8949
5334 7615
1964 3454
8160 7530
9881 1197
1948 375
4360 464
7690 6965
9022 3836
1529 5802
826 3605
4998 1221
2119 6449
7965 3504
8862 5888
4164 2703
9217 4302
8028 8727
1953 9241
1840 5925
3675 1806
9032 6988
3445 9656
2844 5078
7257 488
1038 6113
4721 8794
7553 2090
638 4237
829 3911
1041 2318
3327 1268
9756 3210
119 6552
7678 7875
7856 2398
983 9586
9557 5496
9165 1734
8126 5640
520 9004
5954 1123
2611 9636
6334 3638
9412 5032
4453 769
2277 7553
6724 7750
3752 9088
8628 757
6748 8394
1840 7200
1132 9980
7722 5546
4912 5103
6335 8006
8152 6608
3739 8176
2504 5673
2751 4674
3472 4800
1937 8731
6559 8518
1218 1100
8801 3824
5817 1726
7454 5073
5356 5691
2940 2240
8492 6745
2916 8503
5704 281
7908 3385
7490 7718
4389 9252
3953 4094
776 8368
9585 9109
9397 3576
3664 2269
4581 6050
8847 4953
7598 800
4113 5651
4134 5991
5283 8811
8917 2076
1595 7296
245 6145
5188 2568
565 2813
1234 8487
6392 8371
9108 5214
3073 9198
9865 7452
4283 4303
2238 8743
9031 2353
807 4251
1446 6065
336 3809
6885 5409
8900 1247
6271 7065
5868 2552
1226 4466
1004 9558
3244 8825
4752 476
6528 3778
6561 5332
2952 7955
4843 7094
3469 4963
3565 5277
900 1473
7986 1792
5158 1234
9084 8786
5915 4251
559 8064
9460 2583
7138 9165
6367 6553
1064 9049
2995 9565
2490 5347
4913 2572
7896 5138
6421 9120
9531 6334
9510 3112
537 2528
1486 4182
4459 74
1311 9182
2234 4149
8373 9095
6302 8769
6223 9070
5348 1037
2479 8591
7995 212
6795 1338
2708 7340
4108 4604
631 716
4506 3009
8386 5988
5179 3260
5748 9936
4114 2004
756 6220
266 6351
1375 7170
8973 1867
8713 5069
4503 6950
4983 9879
1995 749
762 709
1083 6905
6251 8608
1340 7166
8759 6726
7984 2367
5594 1345
7705 8171
8571 6800
7107 9608
2158 3044
1159 3231
5413 2895
3919 9244
8747 1110
3453 3493
4240 7195
1668 4978
1047 6592
8868 9304
8012 9200
6162 3441
5758 3038
1585 5772
6261 4204
2220 5584
3792 1262
4315 9370
3745 7330
1375 2358
1261 376
9788 5678
2119 2914
9720 8219
1541 5336
1100 9067
742 5461
2617 7707
6698 7399
7903 604
7565 9618
7799 7470
9769 2781
7818 3327
3553 422
6212 6346
8186 4571
107 3867
9171 7326
4132 7610
5157 5892
7843 9092
2045 6723
6781 8907
1540 3513
1955 2612
7609 880
1862 7064
2076 8162
182 833
1755 1416
4448 4439
492 3071
5161 9928
9877 2164
4279 2823
5090 1767
1468 8695
5421 5601
1903 5706
2580 2255
7534 15
9561 6036
7810 6903
2636 6460
1597 5265
8244 1753
8805 1793
2690 1564
9877 5064
4442 9262
2368 2289
1734 1996
3953 3971
8626 1655
3366 8240
872 9062
6877 3165
5082 3444
6765 6591
2647 6634
5733 2040
6476 6285
3469 4635
9810 9405
5341 1549
267 2582
9827 4936
594 5959
9921 2743
2932 4132
334 8626
9619 3559
5424 2207
7578 7112
7086 6009
3353 6750
7200 305
2892 6301
595 8007
7534 744
5545 8086
7206 4457
2972 2478
2233 3477
8180 9753
3339 2212
2542 8347
4545 8705
3787 7648
4211 654
5599 8573
5159 3171
1637 5993
4885 7508
1328 677
6450 322
5064 2803
7685 3968
6519 5977
8537 1759
9783 256
6753 4987
5331 2649
6316 5968
4979 4561
431 856
7659 4892
9063 9630
8941 5108
458 9769
3819 8514
5151 4112
7413 8091
6646 2025
1914 5179
9924 2282
8923 7646
6892 7841
1736 7129
9323 8214
5427 9832
2920 3343
2809 5095
2537 1428
6905 1632
6361 1027
5631 3859
3875 1539
7460 908
2205 7938
4806 4311
9265 2245
66 8667
9157 9075
3598 2135
2869 6952
7108 9940
5869 8168
2861 9564
3450 9221
4129 7051
1982 8204
8195 4495
6334 7189
1335 1097
744 4783
7672 2541
405 3789
5205 2396
0 2717
1246 790
7402 3361
7733 425
1012 6444
8706 2060
9839 1344
3277 5880
1065 9411
1966 723
34 9692
8274 6132
6701 7506
7385 1654
5192 6261
9542 4485
2117 8922
9712 1148
6036 7218
5393 7991
5501 6971
7924 885
4920 97
4069 2352
4053 417
7273 5698
1983 700
857 3173
2353 6806
2866 9177
2652 2285
7429 4073
9133 8507
6323 257
5057 2623
2299 7344
1463 6588
3314 4042
9234 4789
8561 5557
1623 544
3505 932
1451 3219
4310 7150
7946 8939
9333 538
3499 3873
6402 6009
1265 4084
1521 2738
7003 2240
2706 8321
9014 4671
8956 2594
3001 9156
6196 790
755 660
5681 5340
1067 3749
3492 4569
7933 9911
4892 3158
262 9129
8379 8352
9275 9612
4973 3315
6849 3811
9640 4470
3865 6362
2634 1143
2872 718
8574 4722
7124 2140
9562 4181
4872 3924
2993 4337
6599 1598
1376 9561
8249 6273
6717 5832
4531 542
3917 7409
7435 2396
7166 4025
1995 7524
5943 1918
6189 4863
9890 863
6728 6050
7099 7667
4275 5482
774 4298
6467 5396
6071 7849
8030 6606
9565 8867
3372 7681
7134 7259
8524 7602
4354 9430
4380 8435
2729 7800
3780 5906
342 3611
697 3216
9546 8515
3956 5090
4470 3613
4280 670
5475 8533
2974 7706
1870 4617
8353 6411
1885 4546
121 9412
1904 1712
7693 9178
384 2630
9161 5019
9915 5418
5613 6393
9581 9032
5583 7150
5391 6269
4759 5117
4622 5962
2847 9425
6622 1427
4207 7710
3431 8572
5292 1548
2261 3521
5218 3555
9370 1650
1897 8678
5213 9217
6433 4893
9074 4084
2483 6995
3426 8047
2367 5737
619 2600
8042 4561
4233 6516
2921 178
2754 5593
9618 6710
3842 8055
8703 2902
7308 2030
1810 4053
7998 7751
85 7316
7593 4649
8042 7863
106 7427
3896 1172
4231 9110
9204 8597
9611 1028
6241 213
9224 3828
3545 9620
6168 771
2778 1941
3194 4949
1217 9271
3058 468
2602 2150
911 8648
358 5132
1801 7120
7627 2737
9005 7487
7683 9425
8594 2787
4871 2451
9196 3357
2859 7046
8064 218
9684 4293
8928 7336
1453 5004
4887 8119
5096 5082
3012 3734
1261 5323
925 1872
4535 35
2382 6854
6908 2714
5645 6710
8844 2380
6316 86
8772 5745
4644 2369
2161 7230
4867 4103
7342 9655
4225 7713
4214 776
9347 4523
4235 8464
2712 336
7271 8387
8238 7076
393 3485
9662 2838
8846 1082
1186 9186
827 3607
4479 5736
9059 5840
8931 5976
828 2473
4103 7542
1088 6750
8264 4976
4034 4962
1219 6176
6008 5907
4669 2125
13 4686
8599 951
7534 446
871 942
9031 2131
770 4553
332 3377
9399 4695
4649 3192
4688 9487
9263 9132
5403 7305
229 4295
3366 3437
566 9784
7830 5011
9766 4736
705 1438
4747 1308
6170 4019
218 2724
5576 2859
5369 7818
9174 158
9663 2313
4033 6254
7264 7718
4587 5259
5727 7357
7919 3463
2634 7137
3156 8500
2637 2728
662 5542
1760 3155
5230 1811
4552 9363
668 6602
8215 594
6821 9138
3729 7060
9661 9895
4062 4212
5264 4421
5696 4717
7762 8684
2483 6932
6796 2929
3579 3309
221 7343
5944 2311
5710 4943
5796 8386
3362 9557
6091 7619
6867 5534
6004 8241
1824 1885
5163 5655
7577 2303
9542 7617
4176 3149
8239 8384
7681 3300
3835 4476
8714 592
8025 4026
2686 9978
8284 6708
194 38
452 1853
5128 6769
3701 8572
1981 3267
534 3109
7452 6982
3719 4002
4656 5609
4686 9182
391 1447
2729 3551
3256 3809
8619 4557
340 3097
1655 7784
2955 2166
4383 8985
9434 439
1002 3977
4784 8632
5448 6759
3836 6937
8486 9123
4168 9723
7973 6230
1573 637
989 2387
3171 8608
6671 5386
4963 7287
4338 5768
3896 7729
5344 3561
693 7944
6864 2759
7926 7334
4017 3218
5516 1510
9804 1934
3842 8406
7779 8481
4976 4929
4880 179
1430 8400
5068 5405
4621 8414
9923 4940
4497 8970
1784 5662
8011 7643
2139 2174
2173 2528
2072 1854
4767 2348
376 8353
2739 2640
8173 689
9189 158
3638 6284
8051 2874
4365 9542
9570 5743
4482 5972
4922 9753
9058 5398
5966 2972
9655 4308
6310 3452
2441 9011
6099 1001
7179 6508
9389 4853
1768 3682
5869 1123
6162 7619
7831 9356
844 4471
1724 2550
8785 7241
4258 7517
4288 9656
2883 1955
2626 9195
3117 7811
11 5321
5628 3950
9236 997
62 4197
3430 2709
987 6872
8737 2799
9663 3547
4655 8431
9346 2602
9283 2521
3824 7394
7573 5896
9546 6104
2487 5022
6871 212
3910 8658
3103 3152
5218 3549
4918 8478
5315 5169
5119 8868
2527 5352
1701 1812
2979 7748
9463 2271
3667 1184
9670 3449
211 6953
7787 9096
8207 2491
99 2158
2260 8249
9796 5651
5356 275
2086 7482
257 392
5201 2274
22 3759
9831 725
4884 2224
7039 7717
2515 4148
9343 6144
8937 532
2827 2015
5905 6243
8461 1827
3157 1851
1871 3302
9528 1886
2731 1362
9026 5532
9057 6952
8740 9562
8459 4419
5144 2670
2693 4254
5643 5569
156 157
2919 6810
3463 7077
8119 1435
1637 9604
7210 7369
9425 7685
892 7970
5885 5190
1044 4375
1648 1002
6550 5555
5662 6684
9237 1083
2480 5676
6160 9543
7441 1294
9141 9612
4331 6114
103 7040
8382 525
4528 2895
8698 9425
8784 9765
6190 9933
8531 353
89 3606
9028 2759
4125 8058
7333 817
5303 5965
3025 3468
292 1170
9361 6674
1422 4939
2360 1603
2402 8919
5603 8019
2368 5058
4397 9768
5086 2317
4876 6400
3232 8916
423 386
2824 1500
9038 5979
21 2325
5844 6968
9389 5463
6630 501
3129 7906
5633 1303
7870 8509
2782 709
451 8025
818 2881
2544 2080
4644 5158
188 1791
7979 9779
2128 2960
4857 9119
2171 3255
8222 2966
9977 2905
2100 7718
9499 8120
7130 7137
8821 5142
756 5432
7684 8429
7601 324
7712 9144
912 7522
4538 9445
4354 8194
375 9489
1178 9076
1543 2856
2901 7797
4932 9401
5684 2993
2760 6494
1464 4444
9897 7029
9986 3012
7171 2754
5919 462
2493 5313
8142 7582
22 595
6614 7429
2697 1651
4615 4064
7260 4163
6538 9053
914 8166
9206 5738
6315 1189
1125 4603
8556 4641
6560 5326
647 6320
5657 5834
1740 4035
960 8522
5203 616
3725 9867
8199 6042
6135 1862
3687 9920
8321 7980
9013 5607
1156 2362
9306 916
6303 1046
5425 1473
2031 1332
5355 5502
1482 6234
735 2462
1283 4599
6194 9749
4963 980
2973 977
747 6128
8137 1161
2684 9527
7691 7421
378 1063
4315 6200
7216 2152
1691 9603
6927 6012
5312 2431
4589 2277
8483 4205
2774 8251
7052 9639
1310 5742
9913 8355
6430 5176
7639 905
5874 3003
7846 7999
9780 5497
4586 6612
9276 3267
3065 7399
6229 1559
5440 3954
8746 3512
5444 7537
5110 2677
9015 5626
2787 1044
6777 9400
9133 7207
8349 1752
8462 6424
7011 5683
6877 3662
6606 6449
2931 3153
2181 7301
5975 7584
9988 165
8707 2639
2226 6687
8391 2793
4428 3247
5822 6123
7686 2935
7968 3645
2014 9988
3809 1844
4612 5585
3074 7351
1606 9054
5381 2085
9113 8260
384 6673
7959 2820
5861 243
9806 7899
3496 9328
642 6978
4402 2015
6044 380
5428 281
9742 5775
4714 2368
6183 5097
504 2047
3200 1504
2127 2831
4586 4085
5502 5029
2363 2115
9214 2701
6876 4375
8382 5724
7867 634
8024 9443
7107 8566
9933 1919
8166 6789
5438 327
8109 3968
9854 1788
3477 1553
1082 3078
186 4736
843 8647
546 6724
8758 3675
9806 3726
1574 4046
812 4647
3941 8166
5106 6842
4219 6907
645 6936
5469 3943
319 5713
1568 4272
6594 506
1021 1815
5927 7546
3312 2174
9796 2402
1118 1012
3453 9814
1318 7498
4752 1791
3400 8242
7612 1920
7862 4430
2171 3319
8846 7070
7419 8136
688 4813
3262 8625
1181 2351
4682 1610
2400 7661
5921 4755
8696 6944
1802 432
2440 596
5060 5636
1970 6354
9855 6959
1818 2527
1547 2820
8328 3942
8891 5166
2811 8002
4178 9632
6762 5214
4927 464
9984 7524
1046 7189
1427 1092
729 3871
189 2556
2945 2744
9922 5146
404 5142
6319 7381
5163 5564
47 705
2131 8898
3030 751
7556 7121
5302 4389
8771 312
2069 4872
74 7501
7623 241
7356 6307
2820 1003
5005 5481
3034 3133
611 6574
1850 7242
1139 6384
1816 7025
8018 2672
4096 7463
8775 1501
1111 1521
5366 7575
222 3745
2126 6509
7005 8939
2854 8291
105 6008
2424 7577
6913 6664
4955 5494
9769 2985
4998 4909
8145 4866
2676 5381
4868 6172
7779 5868
4141 5885
1597 9451
8490 5463
6888 1460
4748 9714
5609 9515
480 9542
4393 3617
5654 7989
2080 5851
5825 9796
2524 7162
4460 7312
5913 3947
5517 1272
2878 7815
9899 8213
2989 3847
4348 9535
284 9269
1745 8304
1999 8912
9555 4731
9762 9622
2469 6897
1488 1002
5782 3831
316 1868
941 1509
9852 7922
7005 4147
8366 8598
3371 703
9258 9645
8401 2724
6280 3109
1190 1163
3856 7499
7634 9087
3707 5186
4532 6384
233 6325
8955 1934
5585 3389
5948 8454
6238 6233
1044 8197
8663 6259
7154 2450
9268 4637
634 8541
4393 4951
3866 2111
7820 2829
8516 2753
5473 8597
7260 3965
1834 2522
5850 3688
1460 9003
3570 6890
9973 3599
3225 8899
6147 4743
9098 1705
177 228
9881 8646
3609 6470
9307 2397
76 3663
2249 593
809 9562
7410 6422
2983 9557
7572 5660
1604 7810
521 4464
7614 9992
777 2350
4786 3883
9988 3489
7862 5982
4886 518
4973 3167
3845 7398
1851 5206
2322 1981
5068 2743
237 6247
7390 516
2814 7449
3987 1294
766 3611
176 9001
6907 7128
3917 2577
4231 9477
4288 4690
3356 9773
67 3466
4894 5753
2290 2332
4346 2626
427 7696
3765 6277
6510 163
3155 366
78 8873
3295 4018
4833 1
8920 636
9494 3930
9890 1058
3232 7243
4282 6318
4434 5186
7456 2870
225 6504
8735 8630
2589 9485
330 9899
2777 2643
1026 7289
3485 2477
9682 5442
4004 3629
7847 7050
1626 6711
7747 621
4437 3138
5426 1725
8580 1340
6811 5846
2416 1105
2629 5402
4304 6668
2551 7945
3317 1763
2027 9559
6214 4539
4910 626
3693 3171
2254 2746
6786 1245
3497 9230
569 8458
3156 6980
8210 6229
9507 4395
665 5638
5485 5952
1006 4953
7726 2223
3291 4863
1147 6858
1331 8925
3060 3883
1839 2772
6716 8513
6261 8316
7871 1338
3518 4534
5087 2468
684 8230
9243 6545
6586 7151
8180 7118
9815 7954
7625 224
28 7816
2322 4338
6762 5437
1517 1149
3504 4573
5381 4075
6904 6684
6206 5442
1750 8727
8906 3943
9185 4545
4303 2500
9129 4442
1042 5846
6329 7609
3549 4276
384 9898
3269 3529
3371 2074
8795 652
5923 8622
6799 9960
8908 8238
6767 938
4553 9173
7923 349
5258 227
7259 8577
9163 1442
8328 1689
2132 6042
9617 3013
2798 9201
381 2314
2995 7115
3137 3450
9051 3547
4668 7676
6753 3285
9228 4004
7364 7989
3184 2031
6712 9197
461 8223
5383 7599
4578 1988
2927 813
1269 586
5986 2584
1405 6776
9738 9718
6645 8914
5506 7460
7672 2700
7641 4488
6328 2065
4480 3229
3994 2541
